D:\ShimmerData\P2001\P2001.shm	4.022269	0.481932	0.026333	1125.272220	0.367092
D:\ShimmerData\P2001\P2001.shm	7.747438	0.647210	0.031566	1360.673517	0.141723
D:\ShimmerData\P2001\P2001.shm	33.202930	0.847150	0.145551	662.600233	0.032949
D:\ShimmerData\P2001\P2001.shm	14.819387	0.821956	0.055464	1269.088075	0.032980
D:\ShimmerData\P2011\P2011.shm	5.876168	0.624398	0.022542	1584.769896	0.282724
D:\ShimmerData\P2011\P2011.shm	6.670028	0.470281	0.030000	1682.845810	0.071195
D:\ShimmerData\P2011\P2011.shm	9.235190	0.580769	0.037223	1137.965025	0.200539
D:\ShimmerData\P2012\P2012.shm	11.233477	0.520810	0.086291	503.589010	0.005453
D:\ShimmerData\P2012\P2012.shm	5.896866	0.520887	0.031124	1225.470191	0.258296
D:\ShimmerData\P2012\P2012.shm	6.644929	0.528922	0.026197	1155.107007	0.272096
D:\ShimmerData\P2012\P2012.shm	8.268696	0.492328	0.040143	1044.054977	0.307294
D:\ShimmerData\P2013\P2013.shm	7.254303	0.681980	0.029741	1573.422276	0.208351
D:\ShimmerData\P2013\P2013.shm	9.765172	0.785614	0.047708	1045.347901	0.174894
D:\ShimmerData\P2013\P2013.shm	9.392900	0.780812	0.041505	1474.632981	0.099713
D:\ShimmerData\P2014\P2014.shm	5.472323	0.503864	0.023373	1262.844097	0.304405
D:\ShimmerData\P2014\P2014.shm	6.496343	0.550589	0.037816	1170.675718	0.162941
D:\ShimmerData\P2015\P2015.shm	8.976437	0.637023	0.037883	1258.945490	0.244981
D:\ShimmerData\P2016\P2016.shm	7.275248	0.582325	0.054013	655.092542	0.198716
D:\ShimmerData\P2016\P2016.shm	7.260079	0.621024	0.030017	1243.188811	0.176968
D:\ShimmerData\P2016\P2016.shm	3.453662	0.430521	0.015645	1210.132161	0.425108
D:\ShimmerData\P2017\P2017.shm	6.296718	0.467428	0.039826	807.159913	0.451571
D:\ShimmerData\P2017\P2017.shm	6.364320	0.437525	0.032528	941.741483	0.380428
D:\ShimmerData\P2017\P2017.shm	9.612051	0.557967	0.054095	1021.132407	0.264714
D:\ShimmerData\P2017\P2017.shm	6.971001	0.469503	0.040941	1051.702735	0.379259
D:\ShimmerData\P2018\P2018.shm	7.844308	0.425672	0.045145	983.232715	0.434167
D:\ShimmerData\P2018\P2018.shm	8.181835	0.484491	0.048267	810.888225	0.246091
D:\ShimmerData\P2018\P2018.shm	10.867907	0.481388	0.071257	689.582717	0.407542
D:\ShimmerData\P2020\P2020.shm	6.430184	0.511333	0.047915	822.594810	0.309042
D:\ShimmerData\P2020\P2020.shm	3.505972	0.303094	0.023506	1033.009059	0.453831
D:\ShimmerData\P2020\P2020.shm	4.736082	0.383506	0.024863	1238.910931	0.361219
D:\ShimmerData\P2030\P2030.shm	9.494185	0.476223	0.056374	798.052614	0.366280
D:\ShimmerData\P2030\P2030.shm	7.793024	0.531401	0.044407	976.471983	0.375259
D:\ShimmerData\P2030\P2030.shm	6.719055	0.608115	0.037808	968.709276	0.196265
D:\ShimmerData\P2031\P2031.shm	5.791494	0.433294	0.028546	1031.768587	0.460630
D:\ShimmerData\P2031\P2031.shm	8.552540	0.627179	0.054744	993.783713	0.242155
D:\ShimmerData\P2031\P2031.shm	12.457265	0.801171	0.047012	1265.938096	0.060792
D:\ShimmerData\P2033\P2033.shm	12.155529	0.592394	0.077896	573.744240	0.057083
D:\ShimmerData\P2033\P2033.shm	7.930164	0.618759	0.037311	1340.643044	0.216927
D:\ShimmerData\P2033\P2033.shm	4.051666	0.276831	0.019516	1017.609457	0.666853
D:\ShimmerData\P2033\P2033.shm	6.753557	0.517368	0.032267	1197.919474	0.384049
D:\ShimmerData\P2035\P2035.shm	5.426839	0.442888	0.023113	1114.904284	0.576663
D:\ShimmerData\P2035\P2035.shm	6.915164	0.557177	0.032353	1165.293339	0.270311
D:\ShimmerData\P2035\P2035.shm	5.741872	0.508094	0.027284	1053.664359	0.363622
D:\ShimmerData\P2035\P2035.shm	3.313301	0.351763	0.012766	1492.026793	0.580620
D:\ShimmerData\P2036\P2036.shm	5.128449	0.486030	0.023401	1343.910509	0.388871
D:\ShimmerData\P2036\P2036.shm	6.575871	0.617576	0.022156	1583.647066	0.299245
D:\ShimmerData\P2037\P2037.shm	10.619965	0.520345	0.049662	1035.628680	0.387152
D:\ShimmerData\P2037\P2037.shm	13.257317	0.716456	0.074118	937.960322	0.164034
D:\ShimmerData\P2037\P2037.shm	9.272584	0.478733	0.043366	1003.892580	0.466486
D:\ShimmerData\P2037\P2037.shm	4.230099	0.334557	0.015886	1514.974642	0.522260
D:\ShimmerData\P2038\P2038.shm	7.268872	0.355065	0.027431	861.031058	0.522021
D:\ShimmerData\P2038\P2038.shm	8.104148	0.713248	0.047210	991.577684	0.352159
D:\ShimmerData\P2038\P2038.shm	5.964167	0.407935	0.036697	715.879826	0.320414
D:\ShimmerData\P2044\P2044.shm	9.337135	0.741324	0.040218	1107.158439	0.116686
D:\ShimmerData\P2044\P2044.shm	14.057448	0.739442	0.044280	1274.005074	0.183476
D:\ShimmerData\P2046\P2046.shm	14.488188	0.750215	0.047520	1132.066224	0.095013
D:\ShimmerData\P2046\P2046.shm	16.589487	0.781542	0.100203	959.514232	0.050709
D:\ShimmerData\P2046\P2046.shm	6.877199	0.510693	0.041043	1208.194800	0.171087
D:\ShimmerData\P2046\P2046.shm	10.048305	0.532140	0.041998	1057.497117	0.346924
D:\ShimmerData\P2046\P2046.shm	8.849197	0.654542	0.037905	1478.759493	0.193019
D:\ShimmerData\P2051\P2051.shm	7.926216	0.568006	0.034876	1147.528065	0.410881
D:\ShimmerData\P2051\P2051.shm	6.830250	0.582725	0.031901	1206.629947	0.246041
D:\ShimmerData\P2051\P2051.shm	5.924991	0.495713	0.027744	1271.600790	0.306513
D:\ShimmerData\P2055\P2055.shm	7.966711	0.528787	0.030012	1190.733703	0.293694
D:\ShimmerData\P2055\P2055.shm	5.546631	0.436204	0.024948	1163.876998	0.492869
D:\ShimmerData\P2057\P2057.shm	9.952001	0.685889	0.049807	881.616176	0.157415
D:\ShimmerData\P2058\P2058.shm	5.642388	0.399555	0.023279	1197.664141	0.307912
D:\ShimmerData\P2058\P2058.shm	7.356982	0.599028	0.036589	1100.242065	0.299291
D:\ShimmerData\P2063\P2063.shm	4.444108	0.348388	0.020266	856.754291	0.620353
D:\ShimmerData\P2063\P2063.shm	11.943247	0.765961	0.056536	1155.263288	0.036291
D:\ShimmerData\P2100\P2100.shm	3.935789	0.328890	0.022589	1117.461961	0.496530
D:\ShimmerData\P2100\P2100.shm	4.453957	0.372258	0.021306	906.640919	0.504674
D:\ShimmerData\P2101\P2101.shm	4.995697	0.470644	0.020646	1427.686953	0.467481
D:\ShimmerData\P2101\P2101.shm	4.191806	0.351662	0.013691	1200.202362	0.786598
D:\ShimmerData\P2101\P2101.shm	6.254935	0.442467	0.029495	1372.113723	0.194536
D:\ShimmerData\P2101\P2101.shm	5.199389	0.521854	0.022654	1493.498750	0.148583
D:\ShimmerData\P2102\P2102.shm	6.225346	0.582605	0.036647	1450.485885	0.051412
D:\ShimmerData\P2102\P2102.shm	11.496626	0.790780	0.026578	1723.403297	0.131128
D:\ShimmerData\P2103\P2103.shm	7.232736	0.600343	0.039196	1234.707923	0.155313
D:\ShimmerData\P2103\P2103.shm	6.272705	0.535541	0.035961	1153.140425	0.124366
D:\ShimmerData\P2105\P2105.shm	11.779515	0.779505	0.043645	925.664487	0.235066
D:\ShimmerData\P2105\P2105.shm	7.212456	0.611212	0.033371	1040.430261	0.175804
D:\ShimmerData\P2105\P2105.shm	6.886161	0.658955	0.025444	1204.280539	0.140094
D:\ShimmerData\P2105\P2105.shm	10.043050	0.749784	0.036552	1263.922341	0.037964
D:\ShimmerData\P2106\P2106.shm	12.278129	0.802203	0.064230	930.840221	0.069700
D:\ShimmerData\P2106\P2106.shm	6.258655	0.513557	0.035703	1114.890420	0.267772
D:\ShimmerData\P2106\P2106.shm	12.750555	0.717198	0.065337	990.792880	0.107493
D:\ShimmerData\P2106\P2106.shm	9.960350	0.533771	0.050660	870.765340	0.113508
D:\ShimmerData\P2107\P2107.shm	11.518345	0.787045	0.058063	1003.455879	0.088190
D:\ShimmerData\P2107\P2107.shm	9.654901	0.578912	0.034902	908.772046	0.479111
D:\ShimmerData\P2107\P2107.shm	7.639549	0.711647	0.049295	926.403176	0.094372
D:\ShimmerData\P2107\P2107.shm	10.044288	0.522338	0.053313	716.801144	0.405808
D:\ShimmerData\P2108\P2108.shm	6.838861	0.369270	0.031590	1069.512091	0.574122
D:\ShimmerData\P2109\P2109.shm	5.598333	0.374629	0.027848	997.650809	0.450707
D:\ShimmerData\P2109\P2109.shm	4.185035	0.436486	0.018764	1111.074868	0.459888
D:\ShimmerData\P2109\P2109.shm	6.027337	0.464787	0.024658	1193.289092	0.439449
D:\ShimmerData\P2110\P2110.shm	9.345540	0.564237	0.049943	906.348082	0.195471
D:\ShimmerData\P2110\P2110.shm	11.521835	0.507915	0.054185	1096.751689	0.351597
D:\ShimmerData\P2110\P2110.shm	8.347760	0.666693	0.035816	1360.230405	0.090851
D:\ShimmerData\P2111\P2111.shm	4.291898	0.405567	0.026655	1053.086955	0.420703
D:\ShimmerData\P2111\P2111.shm	6.807105	0.456052	0.028557	1128.822135	0.383011
D:\ShimmerData\P2111\P2111.shm	3.145207	0.226885	0.022489	1013.655938	0.626122
D:\ShimmerData\P2111\P2111.shm	2.641843	0.320124	0.014320	1385.572131	0.562637
D:\ShimmerData\P2113\P2113.shm	13.293277	0.748775	0.055645	1033.181967	0.126737
D:\ShimmerData\P2114\P2114.shm	14.825987	0.731364	0.067239	873.161897	0.264170
D:\ShimmerData\P2114\P2114.shm	11.181365	0.667313	0.109785	480.314541	0.064954
D:\ShimmerData\P2114\P2114.shm	7.126320	0.461760	0.063567	665.919999	0.020561
D:\ShimmerData\P2114\P2114.shm	6.525419	0.516540	0.035663	1258.832118	0.267591
D:\ShimmerData\P2115\P2115.shm	2.372744	0.236350	0.012463	1175.112834	0.671407
D:\ShimmerData\P2115\P2115.shm	2.930363	0.243549	0.016505	1035.868609	0.661418
D:\ShimmerData\P2115\P2115.shm	2.343180	0.183446	0.007154	1336.148290	0.804815
D:\ShimmerData\P2115\P2115.shm	7.391016	0.494265	0.044299	1081.170457	0.300462
D:\ShimmerData\P2116\P2116.shm	5.659334	0.474680	0.024534	1123.687741	0.387736
D:\ShimmerData\P2116\P2116.shm	6.649404	0.502908	0.032968	1141.334979	0.441832
D:\ShimmerData\P2116\P2116.shm	8.839579	0.618262	0.038519	1112.893976	0.214589
D:\ShimmerData\P2117\P2117.shm	6.858272	0.413289	0.022123	1005.492283	0.619863
D:\ShimmerData\P2117\P2117.shm	5.300457	0.500193	0.036735	1044.853593	0.338099
D:\ShimmerData\P2117\P2117.shm	11.690460	0.738404	0.049009	1219.131730	0.077936
D:\ShimmerData\P2117\P2117.shm	5.462279	0.526102	0.025880	1187.581845	0.163063
D:\ShimmerData\P2117\P2117.shm	12.666923	0.776052	0.048446	1347.503144	0.062625
D:\ShimmerData\P2118\P2118.shm	11.002757	0.757510	0.124219	622.229385	0.018569
D:\ShimmerData\P2118\P2118.shm	0.706442	0.076149	0.004961	1055.642844	0.918344
D:\ShimmerData\P2118\P2118.shm	7.511865	0.362445	0.038418	912.758036	0.460124
D:\ShimmerData\P2120\P2120.shm	7.576234	0.662982	0.037962	1607.654631	0.142767
D:\ShimmerData\P2120\P2120.shm	8.148597	0.782872	0.060370	852.055647	0.035341
D:\ShimmerData\P2121\P2121.shm	9.343609	0.640224	0.050371	906.898782	0.139446
D:\ShimmerData\P2121\P2121.shm	7.916200	0.568085	0.043816	810.631019	0.345295
D:\ShimmerData\P2121\P2121.shm	6.046121	0.477440	0.036598	958.138077	0.397566
D:\ShimmerData\P2122\P2122.shm	7.422503	0.524618	0.032549	1154.507393	0.336499
D:\ShimmerData\P2122\P2122.shm	6.243099	0.419071	0.032408	866.467595	0.344659
D:\ShimmerData\P2122\P2122.shm	11.765821	0.656029	0.054447	1039.064404	0.118630
D:\ShimmerData\P2123\P2123.shm	3.717083	0.384862	0.018885	1118.401505	0.468681
D:\ShimmerData\P2123\P2123.shm	11.584797	0.742995	0.061401	908.921084	0.064110
D:\ShimmerData\P2125\P2125.shm	18.753466	0.783430	0.096391	858.776186	0.053839
D:\ShimmerData\P2125\P2125.shm	6.789226	0.428436	0.037837	939.234031	0.392264
D:\ShimmerData\P2125\P2125.shm	12.493241	0.706812	0.073461	818.298014	0.037047
D:\ShimmerData\P2125\P2125.shm	4.487921	0.335738	0.028054	917.746795	0.471834
D:\ShimmerData\P2126\P2126.shm	3.863104	0.223738	0.026286	803.587097	0.579717
D:\ShimmerData\P2126\P2126.shm	13.090000	0.562803	0.074314	770.611873	0.227662
D:\ShimmerData\P2127\P2127.shm	11.699635	0.727908	0.096191	521.626394	0.000000
D:\ShimmerData\P2127\P2127.shm	7.341825	0.536922	0.048995	794.196930	0.296892
D:\ShimmerData\P2127\P2127.shm	7.703830	0.506383	0.038858	970.758739	0.347907
D:\ShimmerData\P2128\P2128.shm	8.492767	0.665264	0.034985	1428.467182	0.143439
D:\ShimmerData\P2128\P2128.shm	7.589546	0.744272	0.037895	1307.623476	0.152511
D:\ShimmerData\P2129\P2129.shm	12.370977	0.655756	0.081012	703.208274	0.136628
D:\ShimmerData\P2129\P2129.shm	8.201381	0.529733	0.050317	967.611815	0.201976
D:\ShimmerData\P2130\P2130.shm	7.226783	0.534942	0.042248	990.744318	0.444676
D:\ShimmerData\P2130\P2130.shm	6.531295	0.621113	0.043865	1078.357671	0.235369
D:\ShimmerData\P2130\P2130.shm	6.306045	0.598818	0.021772	1964.045691	0.237356
D:\ShimmerData\P2131\P2131.shm	12.457097	0.710101	0.053966	834.569999	0.072878
D:\ShimmerData\P2131\P2131.shm	7.881143	0.635688	0.047020	862.931367	0.128428
D:\ShimmerData\P2131\P2131.shm	7.031755	0.473827	0.026540	929.906815	0.496132
D:\ShimmerData\P2131\P2131.shm	5.555726	0.479693	0.029093	1230.150250	0.372094
D:\ShimmerData\P2132\P2132.shm	7.442845	0.618760	0.034686	1287.803059	0.171797
D:\ShimmerData\P2132\P2132.shm	6.531505	0.509579	0.036258	1146.799111	0.253102
D:\ShimmerData\P2133\P2133.shm	4.828229	0.764105	0.024811	1406.615873	0.101654
D:\ShimmerData\P2133\P2133.shm	6.866930	0.610781	0.035398	1234.293543	0.074337
D:\ShimmerData\P2133\P2133.shm	6.038724	0.559935	0.032452	1446.110729	0.231613
D:\ShimmerData\P2134\P2134.shm	10.684209	0.688887	0.051459	1063.118562	0.101144
D:\ShimmerData\P2134\P2134.shm	13.972692	0.647527	0.059737	699.898899	0.204235
D:\ShimmerData\P2135\P2135.shm	9.581516	0.570724	0.050230	937.968169	0.217467
D:\ShimmerData\P2135\P2135.shm	7.986273	0.675790	0.042341	1178.748784	0.148243
D:\ShimmerData\P2135\P2135.shm	8.033018	0.654939	0.033854	1184.246317	0.166709
D:\ShimmerData\P2136\P2136.shm	4.817068	0.534951	0.027947	1258.997241	0.274141
D:\ShimmerData\P2136\P2136.shm	9.583701	0.685746	0.046529	1067.985030	0.173610
D:\ShimmerData\P2136\P2136.shm	6.238506	0.617356	0.046404	836.429705	0.179706
D:\ShimmerData\P2137\P2137.shm	7.006380	0.711229	0.036844	1333.540306	0.023859
D:\ShimmerData\P2137\P2137.shm	8.373753	0.655961	0.062503	847.887009	0.070116
D:\ShimmerData\P2138\P2138.shm	5.251445	0.416101	0.023437	1199.785118	0.498642
D:\ShimmerData\P2138\P2138.shm	5.070973	0.472597	0.027611	1183.059677	0.393085
D:\ShimmerData\P2138\P2138.shm	9.684670	0.636310	0.048150	893.636751	0.204098
D:\ShimmerData\P2139\P2139.shm	3.965335	0.338976	0.017653	1226.444583	0.528609
D:\ShimmerData\P2139\P2139.shm	2.986695	0.229959	0.010533	1087.521814	0.792592
D:\ShimmerData\P2139\P2139.shm	4.684918	0.364372	0.019144	1361.972496	0.513113
D:\ShimmerData\P2139\P2139.shm	5.192519	0.454329	0.017999	1437.106864	0.437798
D:\ShimmerData\P2140\P2140.shm	7.909250	0.673644	0.039406	1074.844399	0.211787
D:\ShimmerData\P2140\P2140.shm	6.576102	0.648939	0.038906	1083.048485	0.096617
D:\ShimmerData\P2141\P2141.shm	10.500023	0.593080	0.057158	940.419332	0.354409
D:\ShimmerData\P2141\P2141.shm	12.198561	0.530012	0.042819	1141.061801	0.407584
D:\ShimmerData\P2141\P2141.shm	6.306045	0.598818	0.021772	1964.045691	0.237356
D:\ShimmerData\P2142\P2142.shm	3.567820	0.409643	0.020033	1209.458649	0.349405
D:\ShimmerData\P2142\P2142.shm	4.494480	0.542962	0.022535	1552.001457	0.206612
D:\ShimmerData\P2143\P2143.shm	3.847266	0.436433	0.018451	1388.695216	0.507652
D:\ShimmerData\P2143\P2143.shm	4.588978	0.396168	0.021286	1111.715688	0.535670
D:\ShimmerData\P2144\P2144.shm	7.424846	0.470189	0.036901	1023.636375	0.278116
D:\ShimmerData\P2144\P2144.shm	6.717391	0.449430	0.031882	1230.517865	0.370537
D:\ShimmerData\P2145\P2145.shm	6.804399	0.652453	0.046649	946.438447	0.236835
D:\ShimmerData\P2145\P2145.shm	8.412720	0.768523	0.043834	1076.059172	0.128014
D:\ShimmerData\P2145\P2145.shm	6.500217	0.560354	0.041891	998.661788	0.296466
D:\ShimmerData\P2146\P2146.shm	6.413420	0.529430	0.038417	970.925833	0.265445
D:\ShimmerData\P2146\P2146.shm	3.309030	0.300349	0.019073	1127.773781	0.582585
D:\ShimmerData\P2146\P2146.shm	7.784199	0.475359	0.046028	909.708376	0.398504
D:\ShimmerData\P2147\P2147.shm	5.690836	0.573893	0.034471	1227.476577	0.296422
D:\ShimmerData\P2147\P2147.shm	8.914755	0.635537	0.045172	1110.690514	0.166108
D:\ShimmerData\P2147\P2147.shm	4.414269	0.439322	0.016700	1620.814369	0.425054
D:\ShimmerData\P2147\P2147.shm	10.456821	0.724571	0.053059	1007.268350	0.103914
D:\ShimmerData\P2147\P2147.shm	7.402621	0.513714	0.033729	1155.174703	0.338727
D:\ShimmerData\P2148\P2148.shm	13.897760	0.648454	0.055206	995.212116	0.138097
D:\ShimmerData\P2148\P2148.shm	9.679140	0.545616	0.051064	1035.401354	0.219500
D:\ShimmerData\P2149\P2149.shm	4.212953	0.638999	0.020256	2013.004101	0.259167
D:\ShimmerData\P2149\P2149.shm	4.221506	0.273182	0.017736	1349.373978	0.635981
D:\ShimmerData\P2149\P2149.shm	4.661397	0.313188	0.016733	919.559829	0.631078
D:\ShimmerData\P2149\P2149.shm	6.320646	0.412797	0.025912	1460.794093	0.510535
D:\ShimmerData\P2150\P2150.shm	8.748229	0.588185	0.037150	994.553900	0.247677
D:\ShimmerData\P2150\P2150.shm	8.492943	0.688277	0.035378	1139.041079	0.011545
D:\ShimmerData\P2150\P2150.shm	9.019550	0.690454	0.037797	923.298534	0.165879
D:\ShimmerData\P2150\P2150.shm	12.316628	0.739669	0.036853	1344.929446	0.070272
D:\ShimmerData\P2151\P2151.shm	11.665654	0.624951	0.060993	956.818910	0.085698
D:\ShimmerData\P2151\P2151.shm	9.011635	0.520824	0.053974	820.168388	0.300441
D:\ShimmerData\P2151\P2151.shm	5.507688	0.359744	0.030900	994.315026	0.342830
D:\ShimmerData\P2151\P2151.shm	12.123259	0.721539	0.060038	1038.979945	0.178633
D:\ShimmerData\P2152\P2152.shm	7.432553	0.786003	0.046227	1247.086848	0.042396
D:\ShimmerData\P2152\P2152.shm	12.369274	0.771005	0.052753	918.456355	0.034748
D:\ShimmerData\P2152\P2152.shm	8.448443	0.661342	0.044591	849.514737	0.165678
D:\ShimmerData\P2152\P2152.shm	4.216743	0.447440	0.024863	1050.602502	0.329335
D:\ShimmerData\P2152\P2152.shm	9.054416	0.616026	0.036799	977.313769	0.155641
D:\ShimmerData\P2152\P2152.shm	10.436089	0.700839	0.025238	1267.723729	0.326380
D:\ShimmerData\P2153\P2153.shm	9.660599	0.521792	0.047105	1077.433372	0.353070
D:\ShimmerData\P2153\P2153.shm	13.941440	0.709109	0.062811	952.022349	0.262032
D:\ShimmerData\P2153\P2153.shm	12.489639	0.723927	0.054612	1119.504713	0.117900
D:\ShimmerData\P2153\P2153.shm	9.400027	0.626812	0.037201	1123.928657	0.278912
D:\ShimmerData\P2154\P2154.shm	8.958393	0.615422	0.038322	1091.135352	0.324314
D:\ShimmerData\P2154\P2154.shm	5.735776	0.592149	0.025665	1246.034877	0.255698
D:\ShimmerData\P2154\P2154.shm	5.189681	0.427535	0.023253	1231.391081	0.382852
D:\ShimmerData\P2154\P2154.shm	6.828695	0.555601	0.028904	1559.013368	0.072572
D:\ShimmerData\P2155\P2155.shm	12.251865	0.687447	0.072090	886.680808	0.013664
D:\ShimmerData\P2155\P2155.shm	9.306387	0.574938	0.040832	955.256955	0.186353
D:\ShimmerData\P2157\P2157.shm	6.146680	0.542740	0.029311	962.030569	0.369046
D:\ShimmerData\P2157\P2157.shm	6.973426	0.644849	0.042502	852.874243	0.197950
D:\ShimmerData\P2158\P2158.shm	2.974446	0.263575	0.017883	1234.522857	0.584660
D:\ShimmerData\P2158\P2158.shm	4.908228	0.524608	0.027731	1235.009743	0.313076
D:\ShimmerData\P2158\P2158.shm	9.001068	0.677754	0.038312	1114.178643	0.128651
D:\ShimmerData\P2159\P2159.shm	4.473723	0.727663	0.053885	708.941085	0.081578
D:\ShimmerData\P2159\P2159.shm	5.687432	0.511136	0.022258	1046.645684	0.381889
D:\ShimmerData\P2159\P2159.shm	4.822106	0.710885	0.036337	1238.777550	0.005078
D:\ShimmerData\P2159\P2159.shm	6.848994	0.827157	0.053529	912.937621	0.030144
D:\ShimmerData\P2160\P2160.shm	6.132884	0.423059	0.025301	1203.900682	0.216511
D:\ShimmerData\P2160\P2160.shm	3.257929	0.356254	0.022620	954.244897	0.144797
D:\ShimmerData\P2160\P2160.shm	4.588748	0.495263	0.025504	1121.357484	0.123489
D:\ShimmerData\P2160\P2160.shm	6.647299	0.399141	0.027518	895.076400	0.567611
D:\ShimmerData\P2160\P2160.shm	7.340523	0.596957	0.031684	1076.563925	0.049510
D:\ShimmerData\P2161\P2161.shm	4.652300	0.486462	0.034613	715.344829	0.171051
D:\ShimmerData\P2161\P2161.shm	2.795188	0.340599	0.007033	1555.160856	0.765075
D:\ShimmerData\P2161\P2161.shm	5.658450	0.670241	0.034701	902.678371	0.059889
D:\ShimmerData\P2164\P2164.shm	7.614311	0.643711	0.033464	1427.263223	0.069545
D:\ShimmerData\P2164\P2164.shm	7.307287	0.714346	0.029803	1265.722988	0.131787
D:\ShimmerData\P2164\P2164.shm	15.559435	0.681807	0.057827	835.731782	0.136260
D:\ShimmerData\P2165\P2165.shm	9.656692	0.586817	0.044677	1106.191257	0.346030
D:\ShimmerData\P2165\P2165.shm	9.967411	0.717661	0.038350	1323.464109	0.128486
D:\ShimmerData\P2165\P2165.shm	8.228626	0.608213	0.035738	1436.074482	0.200129
D:\ShimmerData\P2166\P2166.shm	13.079656	0.868935	0.173213	424.648310	0.003625
D:\ShimmerData\P2166\P2166.shm	7.389842	0.740535	0.037123	1179.418285	0.036748
D:\ShimmerData\P2166\P2166.shm	7.602927	0.468283	0.045416	881.401260	0.460952
D:\ShimmerData\P2168\P2168.shm	6.622498	0.467756	0.033980	989.049644	0.386009
D:\ShimmerData\P2168\P2168.shm	10.156940	0.617559	0.057152	998.131080	0.239521
D:\ShimmerData\P2168\P2168.shm	5.292563	0.296363	0.027103	863.330733	0.658830
D:\ShimmerData\P2169\P2169.shm	5.148143	0.535038	0.039326	848.055450	0.142495
D:\ShimmerData\P2169\P2169.shm	6.073299	0.736343	0.041072	961.054646	0.036937
D:\ShimmerData\P2170\P2170.shm	4.082483	0.307782	0.019427	1226.421829	0.336309
D:\ShimmerData\P2170\P2170.shm	3.046037	0.232337	0.016251	1044.380782	0.658497
D:\ShimmerData\P2170\P2170.shm	4.525710	0.425473	0.026458	1145.898921	0.222549
D:\ShimmerData\P2171\P2171.shm	4.311196	0.466563	0.024041	863.149554	0.541657
D:\ShimmerData\P2171\P2171.shm	9.564740	0.611568	0.054254	858.298769	0.188675
D:\ShimmerData\P2172\P2172.shm	8.578747	0.652235	0.033966	1392.596116	0.161901
D:\ShimmerData\P2172\P2172.shm	7.597239	0.619988	0.044097	1020.765130	0.166504
D:\ShimmerData\P2172\P2172.shm	4.700442	0.479818	0.027748	1486.926065	0.263300
D:\ShimmerData\P2172\P2172.shm	3.835810	0.433653	0.020785	1301.493673	0.421796
D:\ShimmerData\P2173\P2173.shm	7.648452	0.540718	0.033446	943.206013	0.449682
D:\ShimmerData\P2173\P2173.shm	5.818118	0.512928	0.025901	1017.222229	0.357958
D:\ShimmerData\P2173\P2173.shm	8.665944	0.726740	0.045543	1209.628287	0.023727
D:\ShimmerData\P2173\P2173.shm	9.395848	0.657909	0.050115	1067.349763	0.257467
D:\ShimmerData\P2173\P2173.shm	13.816984	0.737895	0.072949	937.000562	0.099113
D:\ShimmerData\P2174\P2174.shm	4.883521	0.429158	0.028292	845.968248	0.483582
D:\ShimmerData\P2174\P2174.shm	7.637551	0.547698	0.039390	966.026266	0.392748
D:\ShimmerData\P2174\P2174.shm	2.959694	0.281008	0.017643	959.170211	0.659780
D:\ShimmerData\P2175\P2175.shm	9.293699	0.765412	0.034923	1494.108603	0.037654
D:\ShimmerData\P2175\P2175.shm	9.248681	0.689833	0.032480	1452.261730	0.160421
D:\ShimmerData\P2176\P2176.shm	6.222676	0.638810	0.024097	1246.662443	0.177790
D:\ShimmerData\P2176\P2176.shm	7.749917	0.664775	0.050126	846.775732	0.028057
D:\ShimmerData\P2176\P2176.shm	6.893876	0.573249	0.036249	1436.299013	0.095957
D:\ShimmerData\P2177\P2177.shm	6.391423	0.504527	0.031834	1189.955888	0.285494
D:\ShimmerData\P2177\P2177.shm	7.651123	0.607163	0.049234	945.735346	0.167988
D:\ShimmerData\P2178\P2178.shm	6.375502	0.511799	0.031710	1220.144858	0.238431
D:\ShimmerData\P2178\P2178.shm	7.121763	0.400777	0.033297	1128.083241	0.469967
D:\ShimmerData\P2179\P2179.shm	7.028692	0.578620	0.029259	1182.364955	0.350021
D:\ShimmerData\P2179\P2179.shm	9.723369	0.645071	0.044227	1252.665288	0.087689
D:\ShimmerData\P2179\P2179.shm	15.426646	0.683028	0.114530	793.758463	0.075729
D:\ShimmerData\P2180\P2180.shm	9.297038	0.664020	0.046903	1182.386731	0.087481
D:\ShimmerData\P2180\P2180.shm	8.804523	0.762190	0.047959	1018.174439	0.042942
D:\ShimmerData\P2181\P2181.shm	8.371562	0.619866	0.032769	1406.231184	0.279500
D:\ShimmerData\P2181\P2181.shm	9.768403	0.619678	0.043307	1405.709806	0.235823
D:\ShimmerData\P2181\P2181.shm	5.041732	0.415790	0.023524	1142.833777	0.450256
D:\ShimmerData\P2182\P2182.shm	5.461453	0.429580	0.037727	939.510950	0.394762
D:\ShimmerData\P2182\P2182.shm	14.652261	0.733222	0.082115	810.272884	0.145164
D:\ShimmerData\P2182\P2182.shm	11.832367	0.618479	0.055512	952.304471	0.184240
D:\ShimmerData\P2183\P2183.shm	12.182447	0.763442	0.063238	1017.840390	0.110905
D:\ShimmerData\P2183\P2183.shm	9.647004	0.653985	0.039366	1151.732549	0.166898
D:\ShimmerData\P2183\P2183.shm	10.070307	0.571163	0.055630	975.889552	0.176305
D:\ShimmerData\P2184\P2184.shm	6.927943	0.457904	0.043162	835.163312	0.370552
D:\ShimmerData\P2185\P2185.shm	11.949571	0.524849	0.053908	795.535512	0.387406
D:\ShimmerData\P2185\P2185.shm	13.172212	0.738784	0.048009	1157.365892	0.073067
D:\ShimmerData\P2185\P2185.shm	7.769066	0.582444	0.035649	1243.987699	0.260716
D:\ShimmerData\P2186\P2186.shm	6.604148	0.495307	0.032519	1094.465145	0.292069
D:\ShimmerData\P2186\P2186.shm	4.811654	0.329315	0.023718	1011.147739	0.368980
D:\ShimmerData\P2186\P2186.shm	7.010420	0.426952	0.039600	1224.496747	0.387269
D:\ShimmerData\P2186\P2186.shm	6.829751	0.518551	0.040482	1101.670434	0.270005
D:\ShimmerData\P2187\P2187.shm	16.351497	0.650878	0.077560	888.677114	0.246650
D:\ShimmerData\P2187\P2187.shm	6.506349	0.527610	0.036229	931.519126	0.263608
D:\ShimmerData\P2187\P2187.shm	8.187279	0.652317	0.040456	1174.284483	0.185702
D:\ShimmerData\P2188\P2188.shm	13.631427	0.683825	0.065001	992.472826	0.093582
D:\ShimmerData\P2188\P2188.shm	7.061077	0.459651	0.038838	947.710331	0.221194
D:\ShimmerData\P2188\P2188.shm	10.235523	0.641469	0.063158	726.006787	0.140497
D:\ShimmerData\P2188\P2188.shm	8.281979	0.596002	0.048369	979.541073	0.138517
D:\ShimmerData\P2189\P2189.shm	2.754743	0.175562	0.017415	936.394243	0.643518
D:\ShimmerData\P2189\P2189.shm	3.826249	0.349532	0.022322	988.906555	0.378547
D:\ShimmerData\P2190\P2190.shm	5.034089	0.580951	0.028021	1050.081707	0.280469
D:\ShimmerData\P2190\P2190.shm	6.178338	0.664561	0.033565	1178.194931	0.147680
D:\ShimmerData\P2190\P2190.shm	3.393663	0.463387	0.016209	1259.496710	0.695456
D:\ShimmerData\P2190\P2190.shm	7.526521	0.662032	0.037229	1100.062120	0.076749
D:\ShimmerData\P2191\P2191.shm	12.825425	0.602886	0.037246	1119.845677	0.289248
D:\ShimmerData\P2191\P2191.shm	5.724811	0.427740	0.031036	826.955325	0.452253
D:\ShimmerData\P2191\P2191.shm	9.125233	0.609636	0.051824	952.221543	0.237213
D:\ShimmerData\P2191\P2191.shm	8.716819	0.604999	0.047429	1012.033719	0.243751
D:\ShimmerData\P2191\P2191.shm	6.087990	0.420730	0.065159	320.810160	0.006366
D:\ShimmerData\P2192\P2192.shm	21.277634	0.869669	0.121412	851.198671	0.001587
D:\ShimmerData\P2192\P2192.shm	3.889529	0.314889	0.015187	1482.732555	0.567036
D:\ShimmerData\P2192\P2192.shm	5.437142	0.425880	0.018790	1443.857165	0.391832
D:\ShimmerData\P2192\P2192.shm	0.905407	0.086478	0.005141	1190.554429	0.911151
D:\ShimmerData\P2193\P2193.shm	8.453737	0.587875	0.048529	922.301358	0.204319
D:\ShimmerData\P2193\P2193.shm	12.589235	0.736632	0.062927	940.633044	0.118626
D:\ShimmerData\P2193\P2193.shm	11.562876	0.721513	0.069655	947.919786	0.034790
D:\ShimmerData\P2194\P2194.shm	7.559885	0.727960	0.045212	988.867685	0.176710
D:\ShimmerData\P2195\P2195.shm	3.758257	0.397416	0.017489	1368.870506	0.505043
D:\ShimmerData\P2195\P2195.shm	11.308169	0.612547	0.063045	887.273088	0.300838
D:\ShimmerData\P2195\P2195.shm	7.259145	0.734182	0.037673	1133.463347	0.186033
D:\ShimmerData\P2196\P2196.shm	7.724391	0.570926	0.034770	1204.063145	0.326076
D:\ShimmerData\P2196\P2196.shm	8.647620	0.653635	0.044836	957.266187	0.160886
D:\ShimmerData\P2196\P2196.shm	8.848897	0.671934	0.049095	900.391509	0.142702
D:\ShimmerData\P2197\P2197.shm	8.554986	0.531935	0.039807	951.978652	0.270085
D:\ShimmerData\P2197\P2197.shm	6.604623	0.500802	0.029541	1300.366950	0.354787
D:\ShimmerData\P2198\P2198.shm	5.632941	0.494439	0.024658	1335.167836	0.361041
D:\ShimmerData\P2198\P2198.shm	10.873581	0.715199	0.035110	1336.956217	0.374514
D:\ShimmerData\P2198\P2198.shm	6.895698	0.549192	0.030236	1096.398666	0.255132
D:\ShimmerData\P2200\P2200.shm	2.658086	0.218707	0.010839	1397.464643	0.720135
D:\ShimmerData\P2200\P2200.shm	4.884242	0.375555	0.021994	1095.533143	0.535814
D:\ShimmerData\P2201\P2201.shm	5.620736	0.513985	0.017432	1736.131346	0.260464
D:\ShimmerData\P2201\P2201.shm	5.994112	0.548445	0.033976	1332.668553	0.310800
D:\ShimmerData\P2201\P2201.shm	23.399504	0.817401	0.109818	928.963040	0.000000
D:\ShimmerData\P2201\P2201.shm	5.832943	0.468455	0.036430	1015.670483	0.359044
D:\ShimmerData\P2203\P2203.shm	6.001490	0.442112	0.032686	989.419382	0.445879
D:\ShimmerData\P2203\P2203.shm	5.332307	0.457071	0.024318	1216.268394	0.414835
D:\ShimmerData\P2204\P2204.shm	5.482260	0.578914	0.041674	1294.234444	0.041710
D:\ShimmerData\P2204\P2204.shm	9.871762	0.738578	0.074167	886.843489	0.020292
D:\ShimmerData\P2204\P2204.shm	7.368259	0.741466	0.072857	869.498125	0.013735
D:\ShimmerData\P2205\P2205.shm	10.002989	0.632208	0.043940	1098.778384	0.182520
D:\ShimmerData\P2205\P2205.shm	8.892841	0.570047	0.047324	971.566619	0.239491
D:\ShimmerData\P2205\P2205.shm	10.152164	0.618152	0.045872	1121.792716	0.189713
D:\ShimmerData\P2205\P2205.shm	10.905027	0.612946	0.052785	1085.782309	0.252097
D:\ShimmerData\P2206\P2206.shm	10.607769	0.556022	0.052354	935.299158	0.202349
D:\ShimmerData\P2206\P2206.shm	3.547971	0.370692	0.020928	852.729914	0.405563
D:\ShimmerData\P2207\P2207.shm	5.385256	0.498175	0.022750	1509.514477	0.179298
D:\ShimmerData\P2207\P2207.shm	7.686687	0.620947	0.028292	1338.459416	0.200043
D:\ShimmerData\P2207\P2207.shm	4.052733	0.220312	0.010418	1685.759572	0.582483
D:\ShimmerData\P2207\P2207.shm	5.513199	0.576447	0.035479	1084.369047	0.258975
D:\ShimmerData\P2208\P2208.shm	8.756766	0.580846	0.041856	1086.647167	0.254796
D:\ShimmerData\P2208\P2208.shm	6.551864	0.600064	0.053107	791.035891	0.112586
D:\ShimmerData\P2208\P2208.shm	8.278426	0.517955	0.049136	1155.530783	0.124879
D:\ShimmerData\P2208\P2208.shm	5.189651	0.545769	0.032136	1232.728127	0.261662
D:\ShimmerData\P2209\P2209.shm	4.512619	0.264573	0.024862	754.538262	0.508566
D:\ShimmerData\P2209\P2209.shm	3.062065	0.314954	0.021188	1178.988414	0.495415
D:\ShimmerData\P2209\P2209.shm	4.451121	0.332295	0.022293	1091.357580	0.444306
D:\ShimmerData\P2210\P2210.shm	5.737018	0.375918	0.021607	1171.572997	0.480748
D:\ShimmerData\P2210\P2210.shm	4.518808	0.387785	0.026305	1005.331797	0.370478
D:\ShimmerData\P2210\P2210.shm	5.220984	0.456155	0.023168	1353.990158	0.333476
D:\ShimmerData\P2211\P2211.shm	15.205190	0.745453	0.066918	1053.615010	0.071125
D:\ShimmerData\P2212\P2212.shm	28.044983	0.883712	0.175903	721.608651	0.026517
D:\ShimmerData\P2213\P2213.shm	12.958530	0.758653	0.067571	654.266865	0.020814
D:\ShimmerData\P2213\P2213.shm	8.781532	0.656228	0.042975	1224.621761	0.060594
D:\ShimmerData\P2213\P2213.shm	6.262510	0.385290	0.027888	1243.210416	0.501722
D:\ShimmerData\P2214\P2214.shm	12.479134	0.681866	0.066890	1079.631559	0.210287
D:\ShimmerData\P2214\P2214.shm	11.430379	0.449070	0.062559	1045.297758	0.434769
D:\ShimmerData\P2215\P2215.shm	7.057965	0.529600	0.034144	1169.892195	0.288118
D:\ShimmerData\P2215\P2215.shm	4.750018	0.437150	0.028336	894.038962	0.414337
D:\ShimmerData\P2215\P2215.shm	8.690885	0.558703	0.044238	1036.918478	0.264808
D:\ShimmerData\P2216\P2216.shm	7.201572	0.439476	0.033463	1419.411358	0.157790
D:\ShimmerData\P2216\P2216.shm	9.484254	0.635914	0.033965	1127.596710	0.315605
D:\ShimmerData\P2217\P2217.shm	7.319313	0.514498	0.040276	956.076873	0.275244
D:\ShimmerData\P2217\P2217.shm	6.471782	0.485628	0.045788	719.514285	0.010967
D:\ShimmerData\P2218\P2218.shm	2.971283	0.390346	0.022105	1251.469427	0.490806
D:\ShimmerData\P2218\P2218.shm	5.338359	0.387352	0.020094	1514.334242	0.485999
D:\ShimmerData\P2219\P2219.shm	9.525658	0.639234	0.043533	874.753495	0.283843
D:\ShimmerData\P2219\P2219.shm	7.854570	0.446904	0.049286	879.196531	0.423564
D:\ShimmerData\P2221\P2221.shm	5.833354	0.401161	0.020322	1448.131571	0.450644
D:\ShimmerData\P2221\P2221.shm	5.882047	0.493855	0.032399	1020.925540	0.226119
D:\ShimmerData\P2221\P2221.shm	4.182309	0.394283	0.019089	1181.009128	0.516511
D:\ShimmerData\P2221\P2221.shm	4.167587	0.411971	0.018938	1474.944168	0.677264
D:\ShimmerData\P2222\P2222.shm	5.781163	0.343939	0.028731	997.889756	0.437537
D:\ShimmerData\P2222\P2222.shm	4.692508	0.348297	0.025345	1147.502125	0.303407
D:\ShimmerData\P2222\P2222.shm	4.449499	0.428300	0.019961	1243.225390	0.376673
D:\ShimmerData\P2223\P2223.shm	10.246182	0.696833	0.056214	864.986412	0.155395
D:\ShimmerData\P2223\P2223.shm	12.476994	0.698372	0.083227	734.727763	0.062894
D:\ShimmerData\P2224\P2224.shm	7.514154	0.481797	0.053651	425.225312	0.028075
D:\ShimmerData\P2224\P2224.shm	6.744940	0.377216	0.034743	926.417786	0.567741
D:\ShimmerData\P2224\P2224.shm	7.325114	0.441316	0.045207	851.109323	0.251416
D:\ShimmerData\P2224\P2224.shm	6.546560	0.496261	0.030413	1194.038012	0.265666
D:\ShimmerData\P2226\P2226.shm	9.840532	0.656183	0.036648	1168.155897	0.264378
D:\ShimmerData\P2226\P2226.shm	1.697947	0.129251	0.008164	1317.742236	0.838031
D:\ShimmerData\P2226\P2226.shm	8.150727	0.420116	0.050542	1083.894502	0.462334
D:\ShimmerData\P2226\P2226.shm	11.912815	0.784559	0.048110	1386.716371	0.050204
D:\ShimmerData\P2226\P2226.shm	2.409306	0.131711	0.014097	1064.579418	0.744079
D:\ShimmerData\P2227\P2227.shm	6.543678	0.481959	0.031725	1092.076820	0.400236
D:\ShimmerData\P2227\P2227.shm	7.486613	0.606031	0.026245	1536.945251	0.309592
D:\ShimmerData\P2228\P2228.shm	14.430831	0.764479	0.039944	1277.727490	0.428571
D:\ShimmerData\P2228\P2228.shm	9.550945	0.610560	0.027123	1337.801252	0.373607
D:\ShimmerData\P2228\P2228.shm	9.640058	0.585927	0.032193	1313.913559	0.265306
D:\ShimmerData\P2229\P2229.shm	3.442972	0.296405	0.019722	1274.915201	0.621221
D:\ShimmerData\P2229\P2229.shm	5.833214	0.469276	0.030117	952.348235	0.563713
D:\ShimmerData\P2229\P2229.shm	10.404996	0.643503	0.048516	1041.416355	0.316040
D:\ShimmerData\P2229\P2229.shm	9.201510	0.646985	0.040099	1250.948921	0.207090
D:\ShimmerData\P2230\P2230.shm	12.278362	0.743527	0.038092	1200.113926	0.217852
D:\ShimmerData\P2231\P2231.shm	12.401199	0.725576	0.044942	981.162513	0.092097
D:\ShimmerData\P2231\P2231.shm	3.730664	0.230444	0.018616	949.811431	0.798201
D:\ShimmerData\P2231\P2231.shm	8.082815	0.665774	0.051322	1104.595802	0.175976
D:\ShimmerData\P2232\P2232.shm	8.623255	0.649635	0.035994	1437.879751	0.252209
D:\ShimmerData\P2232\P2232.shm	13.756919	0.783973	0.062343	1135.823485	0.093754
D:\ShimmerData\P2233\P2233.shm	5.566758	0.494012	0.030586	1027.544810	0.447368
D:\ShimmerData\P2233\P2233.shm	10.071338	0.447430	0.039891	980.420964	0.407388
D:\ShimmerData\P2233\P2233.shm	5.084666	0.360694	0.030971	758.928007	0.476871
D:\ShimmerData\P2233\P2233.shm	6.397722	0.421873	0.034543	929.973867	0.446278
D:\ShimmerData\P2234\P2234.shm	12.738353	0.766234	0.056516	900.641277	0.071711
D:\ShimmerData\P2234\P2234.shm	4.650523	0.418464	0.022950	1364.389945	0.570574
D:\ShimmerData\P2234\P2234.shm	8.868797	0.647329	0.040617	1145.763988	0.392337
D:\ShimmerData\P2235\P2235.shm	7.700880	0.535648	0.035315	966.839641	0.327030
D:\ShimmerData\P2235\P2235.shm	8.851525	0.559452	0.032214	1214.450244	0.348555
D:\ShimmerData\P2235\P2235.shm	8.371861	0.500595	0.049052	1008.610211	0.373661
D:\ShimmerData\P2236\P2236.shm	10.193113	0.628313	0.037621	1084.536225	0.252105
D:\ShimmerData\P2236\P2236.shm	12.972154	0.665928	0.060932	976.174503	0.165801
D:\ShimmerData\P2236\P2236.shm	10.922302	0.755801	0.044148	1217.414451	0.073353
D:\ShimmerData\P2237\P2237.shm	3.987046	0.482784	0.020915	1321.482278	0.198873
D:\ShimmerData\P2238\P2238.shm	12.027779	0.697305	0.062945	959.863700	0.071345
D:\ShimmerData\P2238\P2238.shm	10.066638	0.466838	0.052987	1081.068719	0.308574
D:\ShimmerData\P2238\P2238.shm	8.560420	0.643712	0.039412	1169.014080	0.110092
D:\ShimmerData\P2238\P2238.shm	24.126111	0.776340	0.115422	621.147216	0.110795
D:\ShimmerData\P2239\P2239.shm	4.009069	0.381785	0.022253	966.350526	0.483576
D:\ShimmerData\P2239\P2239.shm	3.893940	0.389410	0.020683	1227.252702	0.420736
D:\ShimmerData\P2239\P2239.shm	3.234731	0.364431	0.017636	1022.503900	0.561668
D:\ShimmerData\P2239\P2239.shm	5.600120	0.468554	0.030985	1143.137503	0.356029
D:\ShimmerData\P2240\P2240.shm	6.321757	0.354668	0.024517	1239.759876	0.504698
D:\ShimmerData\P2240\P2240.shm	6.768283	0.533190	0.027720	1274.704766	0.236753
D:\ShimmerData\P2240\P2240.shm	7.001048	0.442161	0.037483	1096.067584	0.410114
D:\ShimmerData\P2242\P2242.shm	9.988224	0.622730	0.037155	1154.187935	0.270914
D:\ShimmerData\P2242\P2242.shm	5.883586	0.365191	0.031715	948.363870	0.487216
D:\ShimmerData\P2242\P2242.shm	7.728099	0.547457	0.037862	1123.276367	0.275156
D:\ShimmerData\P2243\P2243.shm	16.984459	0.721798	0.087723	863.361948	0.094920
D:\ShimmerData\P2243\P2243.shm	5.414861	0.389596	0.032332	796.214258	0.407731
D:\ShimmerData\P2243\P2243.shm	5.164891	0.340896	0.030865	828.461669	0.523330
D:\ShimmerData\P2244\P2244.shm	6.754499	0.467625	0.030032	1199.469811	0.380374
D:\ShimmerData\P2244\P2244.shm	7.299361	0.441961	0.030597	1133.777474	0.437244
D:\ShimmerData\P2244\P2244.shm	12.781645	0.603131	0.065799	984.027159	0.200731
D:\ShimmerData\P2245\P2245.shm	8.140200	0.634958	0.030725	1102.503918	0.265308
D:\ShimmerData\P2246\P2246.shm	12.057595	0.613672	0.053411	903.325305	0.357256
D:\ShimmerData\P2246\P2246.shm	7.712271	0.637858	0.030086	1255.684932	0.328762
D:\ShimmerData\P2246\P2246.shm	6.594082	0.491464	0.040507	1023.678275	0.268253
D:\ShimmerData\P2246\P2246.shm	7.126300	0.646588	0.036238	1240.840641	0.232531
D:\ShimmerData\P2247\P2247.shm	10.129092	0.445460	0.040608	989.937578	0.547355
D:\ShimmerData\P2247\P2247.shm	5.130096	0.443792	0.030757	976.032916	0.257598
D:\ShimmerData\P2247\P2247.shm	5.587638	0.406460	0.033598	935.837261	0.475774
D:\ShimmerData\P2247\P2247.shm	6.348770	0.470877	0.030343	1024.844774	0.407278
D:\ShimmerData\P2248\P2248.shm	14.025383	0.768156	0.081984	805.495737	0.052184
D:\ShimmerData\P2248\P2248.shm	17.310081	0.831163	0.086634	1009.091551	0.019124
D:\ShimmerData\P2248\P2248.shm	11.384131	0.724079	0.061968	851.839160	0.099142
D:\ShimmerData\P2249\P2249.shm	4.400947	0.430905	0.020712	1121.188659	0.395622
D:\ShimmerData\P2249\P2249.shm	1.486144	0.143927	0.006561	1334.721558	0.727832
D:\ShimmerData\P2249\P2249.shm	6.744340	0.550158	0.037361	1026.575867	0.326697
D:\ShimmerData\P2250\P2250.shm	12.189376	0.710807	0.047535	869.011524	0.420725
D:\ShimmerData\P2250\P2250.shm	19.090045	0.767790	0.117675	809.244880	0.092307
D:\ShimmerData\P2251\P2251.shm	8.098725	0.603812	0.028608	1110.306391	0.413210
D:\ShimmerData\P2251\P2251.shm	12.618260	0.720487	0.053376	1064.161879	0.239602
D:\ShimmerData\P2253\P2253.shm	8.593495	0.674709	0.049196	809.695165	0.160670
D:\ShimmerData\P2253\P2253.shm	19.646784	0.742002	0.131882	650.520826	0.024200
D:\ShimmerData\P2254\P2254.shm	12.985896	0.763272	0.085375	825.972261	0.113218
D:\ShimmerData\P2254\P2254.shm	9.913064	0.731621	0.066723	849.888874	0.177657
D:\ShimmerData\P2254\P2254.shm	10.177610	0.690026	0.062149	886.043839	0.257367
D:\ShimmerData\P2254\P2254.shm	9.110755	0.565755	0.050614	898.631779	0.273653
D:\ShimmerData\P2255\P2255.shm	9.172155	0.726805	0.064252	569.178987	0.042378
D:\ShimmerData\P2255\P2255.shm	4.135011	0.371632	0.019654	1106.236661	0.571878
D:\ShimmerData\P2255\P2255.shm	5.363308	0.432962	0.025850	1196.441433	0.245678
D:\ShimmerData\P2255\P2255.shm	5.969929	0.460003	0.028649	1193.818547	0.381614
D:\ShimmerData\P2256\P2256.shm	5.281158	0.358119	0.029501	768.696191	0.554348
D:\ShimmerData\P2256\P2256.shm	2.968557	0.148069	0.020024	882.800623	0.572671
D:\ShimmerData\P2256\P2256.shm	14.011781	0.555099	0.095508	766.539499	0.310027
D:\ShimmerData\P2256\P2256.shm	16.828238	0.617878	0.103803	741.082984	0.148404
D:\ShimmerData\P2257\P2257.shm	7.880165	0.592570	0.035719	908.865363	0.244250
D:\ShimmerData\P2257\P2257.shm	6.394494	0.513794	0.045688	1155.457106	0.173056
D:\ShimmerData\P2257\P2257.shm	10.238262	0.637176	0.054989	882.336874	0.117410
D:\ShimmerData\P2257\P2257.shm	7.806738	0.549117	0.049895	886.838399	0.029346
D:\ShimmerData\P2257\P2257.shm	13.862738	0.792661	0.076728	1021.550394	0.041646
D:\ShimmerData\P2258\P2258.shm	9.056293	0.667731	0.044889	872.351178	0.249651
D:\ShimmerData\P2258\P2258.shm	5.257651	0.426419	0.034435	932.822762	0.422651
D:\ShimmerData\P2259\P2259.shm	3.605621	0.305764	0.022251	1069.161067	0.542906
D:\ShimmerData\P2259\P2259.shm	11.567039	0.567117	0.048266	992.703240	0.240176
D:\ShimmerData\P2259\P2259.shm	8.828556	0.576138	0.049816	1065.736336	0.182035
D:\ShimmerData\P2259\P2259.shm	9.167981	0.545872	0.040473	1099.022847	0.264436
D:\ShimmerData\P2259\P2259.shm	8.305398	0.520770	0.038457	1046.148974	0.331351
D:\ShimmerData\P2262\P2262.shm	8.286455	0.568340	0.043412	1038.465548	0.193875
D:\ShimmerData\P2262\P2262.shm	6.870958	0.480843	0.027075	1246.601967	0.441785
D:\ShimmerData\P2263\P2263.shm	8.012451	0.823561	0.044970	1543.148890	0.001599
D:\ShimmerData\P2263\P2263.shm	6.307064	0.499497	0.026353	1456.846566	0.402672
D:\ShimmerData\P2263\P2263.shm	2.169901	0.189878	0.007704	1258.829782	0.843665
D:\ShimmerData\P2264\P2264.shm	8.696117	0.654128	0.039783	1262.896372	0.165814
D:\ShimmerData\P2264\P2264.shm	5.250331	0.464480	0.031777	1089.962808	0.351409
D:\ShimmerData\P2264\P2264.shm	7.234840	0.615229	0.033313	1262.029988	0.257399
D:\ShimmerData\P2265\P2265.shm	5.243130	0.440029	0.018366	1255.668478	0.452379
D:\ShimmerData\P2265\P2265.shm	11.570496	0.699960	0.042133	1091.110848	0.191502
D:\ShimmerData\P2265\P2265.shm	8.352170	0.555358	0.036156	1145.331506	0.273096
D:\ShimmerData\P2265\P2265.shm	1.980801	0.184964	0.007847	1260.093100	0.715558
D:\ShimmerData\P2267\P2267.shm	4.515597	0.276399	0.025923	882.804678	0.612459
D:\ShimmerData\P2267\P2267.shm	9.486243	0.580321	0.050414	1036.682559	0.123473
D:\ShimmerData\P2268\P2268.shm	5.672345	0.524047	0.036139	869.632263	0.393335
D:\ShimmerData\P2268\P2268.shm	13.451513	0.677684	0.092412	517.590636	0.024583
D:\ShimmerData\P2268\P2268.shm	13.340335	0.709658	0.071475	1045.782529	0.172372
D:\ShimmerData\P2269\P2269.shm	11.004567	0.687067	0.045697	966.072953	0.070646
D:\ShimmerData\P2269\P2269.shm	5.281981	0.537827	0.039151	1010.196500	0.104469
D:\ShimmerData\P2270\P2270.shm	5.555879	0.448282	0.026561	1004.205527	0.325003
D:\ShimmerData\P2270\P2270.shm	4.891461	0.408540	0.024344	1103.655056	0.434010
D:\ShimmerData\P2270\P2270.shm	6.450738	0.596581	0.044561	821.246222	0.107870
D:\ShimmerData\P2271\P2271.shm	4.538038	0.413495	0.037883	737.627851	0.412094
D:\ShimmerData\P2271\P2271.shm	18.259865	0.828971	0.100342	813.729706	0.008319
D:\ShimmerData\P2272\P2272.shm	8.384581	0.508910	0.039241	881.372229	0.254916
D:\ShimmerData\P2272\P2272.shm	8.988527	0.503012	0.050295	951.783597	0.286455
D:\ShimmerData\P2272\P2272.shm	14.007141	0.676230	0.075856	920.102647	0.122757
D:\ShimmerData\P2273\P2273.shm	6.824201	0.591605	0.032570	1330.350882	0.281622
D:\ShimmerData\P2273\P2273.shm	5.314591	0.439057	0.023432	1664.033792	0.133799
D:\ShimmerData\P2273\P2273.shm	15.172694	0.822350	0.061022	1067.817350	0.030802
D:\ShimmerData\P2273\P2273.shm	10.546756	0.648210	0.041010	1479.014701	0.018568
D:\ShimmerData\P2273\P2273.shm	4.726997	0.548452	0.022378	2061.040290	0.126438
D:\ShimmerData\P2274\P2274.shm	7.642879	0.672496	0.035641	1380.201092	0.063686
D:\ShimmerData\P2274\P2274.shm	5.110665	0.348930	0.021359	1091.914394	0.546270
D:\ShimmerData\P2274\P2274.shm	5.180427	0.439083	0.022980	1166.036600	0.367102
D:\ShimmerData\P2274\P2274.shm	8.630854	0.665911	0.045957	975.335592	0.145634
D:\ShimmerData\P2275\P2275.shm	8.995020	0.597012	0.047407	1108.309629	0.268372
D:\ShimmerData\P2275\P2275.shm	9.223270	0.727411	0.055307	1047.297989	0.140906
D:\ShimmerData\P2275\P2275.shm	8.334029	0.686090	0.042699	1091.385018	0.229356
D:\ShimmerData\P2275\P2275.shm	8.098847	0.644578	0.050482	1142.724810	0.082560
D:\ShimmerData\P2276\P2276.shm	16.146832	0.773262	0.079158	924.484151	0.038549
D:\ShimmerData\P2276\P2276.shm	11.648687	0.625861	0.094564	539.470783	0.110763
D:\ShimmerData\P2276\P2276.shm	16.375321	0.782952	0.085654	1057.473301	0.148531
D:\ShimmerData\P2277\P2277.shm	6.171666	0.469183	0.027312	943.663624	0.399904
D:\ShimmerData\P2277\P2277.shm	11.145770	0.710157	0.058020	1220.116922	0.120135
D:\ShimmerData\P2277\P2277.shm	8.644548	0.612379	0.056356	623.052025	0.064357
D:\ShimmerData\P2277\P2277.shm	9.819527	0.754490	0.042314	1333.909217	0.022218
D:\ShimmerData\P2278\P2278.shm	5.008435	0.643005	0.026648	1014.789527	0.203054
D:\ShimmerData\P2278\P2278.shm	7.449939	0.544661	0.040258	1002.392786	0.277378
D:\ShimmerData\P2278\P2278.shm	4.114135	0.390521	0.028359	834.993939	0.406065
D:\ShimmerData\P2280\P2280.shm	6.670699	0.559169	0.023378	1502.707870	0.370214
D:\ShimmerData\P2280\P2280.shm	7.941929	0.656666	0.028345	1424.794498	0.214661
D:\ShimmerData\P2282\P2282.shm	6.817476	0.488974	0.030220	1194.304405	0.439706
D:\ShimmerData\P2282\P2282.shm	15.923181	0.802343	0.159869	743.296060	0.014641
D:\ShimmerData\P2282\P2282.shm	5.127969	0.383512	0.028046	982.052173	0.462311
D:\ShimmerData\P2283\P2283.shm	11.193710	0.691743	0.046502	1033.346013	0.238607
D:\ShimmerData\P2283\P2283.shm	18.987432	0.786098	0.062132	1101.763871	0.113667
D:\ShimmerData\P2283\P2283.shm	10.396510	0.628459	0.038254	1274.659666	0.210542
D:\ShimmerData\P2284\P2284.shm	6.739086	0.478566	0.032631	750.060456	0.380359
D:\ShimmerData\P2284\P2284.shm	11.053396	0.672946	0.040383	1071.484247	0.235976
D:\ShimmerData\P2284\P2284.shm	10.980096	0.686644	0.052665	1038.968369	0.288527
D:\ShimmerData\P2284\P2284.shm	13.097935	0.708111	0.051078	766.695920	0.051361
D:\ShimmerData\P2285\P2285.shm	7.885782	0.562872	0.030728	1307.527423	0.329664
D:\ShimmerData\P2285\P2285.shm	6.428749	0.426503	0.038819	838.748786	0.221696
D:\ShimmerData\P2285\P2285.shm	16.674879	0.710262	0.056304	745.875441	0.005020
D:\ShimmerData\P2285\P2285.shm	3.501141	0.246744	0.015450	1287.447486	0.578265
D:\ShimmerData\P2286\P2286.shm	5.777389	0.534187	0.028036	1142.251970	0.368561
D:\ShimmerData\P2286\P2286.shm	9.741661	0.545658	0.034070	1203.751048	0.286912
D:\ShimmerData\P2286\P2286.shm	6.607909	0.477740	0.031009	1176.883512	0.382192
D:\ShimmerData\P2287\P2287.shm	5.399175	0.505109	0.028667	1180.919825	0.315708
D:\ShimmerData\P2287\P2287.shm	6.047781	0.371702	0.022744	1449.832433	0.355981
D:\ShimmerData\P2287\P2287.shm	7.970853	0.563332	0.034993	1065.223547	0.294471
D:\ShimmerData\P2287\P2287.shm	6.638888	0.533764	0.028133	1244.981976	0.302114
D:\ShimmerData\P2287\P2287.shm	6.082706	0.459130	0.025890	1208.627892	0.434715
D:\ShimmerData\P2288\P2288.shm	4.235291	0.477848	0.026446	1141.541660	0.376187
D:\ShimmerData\P2288\P2288.shm	8.013945	0.678118	0.035562	1289.650076	0.186707
D:\ShimmerData\P2288\P2288.shm	6.894203	0.398566	0.027270	1465.060696	0.441164
D:\ShimmerData\P2288\P2288.shm	12.080149	0.699040	0.045913	1213.026600	0.124224
D:\ShimmerData\P2288\P2288.shm	7.954983	0.516553	0.039674	1031.426962	0.099321
D:\ShimmerData\P2288\P2288.shm	8.966622	0.670720	0.046293	1075.005130	0.119830
D:\ShimmerData\P2289\P2289.shm	7.019459	0.630592	0.036317	1164.550678	0.237686
D:\ShimmerData\P2289\P2289.shm	15.138193	0.861960	0.067624	1147.661875	0.063070
D:\ShimmerData\P2289\P2289.shm	8.425150	0.537208	0.035097	921.768869	0.386260
D:\ShimmerData\P2289\P2289.shm	7.091188	0.648685	0.031279	1259.688908	0.294842
D:\ShimmerData\P2289\P2289.shm	14.601950	0.749785	0.071402	806.336944	0.182717
D:\ShimmerData\P2290\P2290.shm	7.979959	0.571209	0.050179	894.809737	0.315510
D:\ShimmerData\P2290\P2290.shm	10.069590	0.634356	0.040536	1188.131910	0.343843
D:\ShimmerData\P2290\P2290.shm	5.522354	0.366043	0.031636	815.711732	0.496733
D:\ShimmerData\P2290\P2290.shm	10.588939	0.713474	0.070483	1134.712553	0.176334
D:\ShimmerData\P2290\P2290.shm	14.667710	0.671458	0.111247	780.768180	0.224554
D:\ShimmerData\P2291\P2291.shm	7.211945	0.537626	0.039894	941.163071	0.374328
D:\ShimmerData\P2291\P2291.shm	7.612726	0.630342	0.045796	890.847912	0.320149
D:\ShimmerData\P2292\P2292.shm	4.264569	0.407677	0.033030	888.238443	0.545157
D:\ShimmerData\P2292\P2292.shm	5.072596	0.499349	0.030811	1033.863402	0.339657
D:\ShimmerData\P2292\P2292.shm	12.160668	0.692370	0.070898	681.991355	0.381317
D:\ShimmerData\P2293\P2293.shm	8.569193	0.714095	0.045640	1308.524065	0.114962
D:\ShimmerData\P2293\P2293.shm	7.955810	0.677471	0.042388	1470.733536	0.015900
D:\ShimmerData\P2293\P2293.shm	17.189483	0.846043	0.107897	1090.165231	0.019817
D:\ShimmerData\P2294\P2294.shm	5.456277	0.430796	0.024708	1106.950021	0.419590
D:\ShimmerData\P2294\P2294.shm	7.025311	0.451851	0.029202	1037.601824	0.485079
D:\ShimmerData\P2295\P2295.shm	8.634734	0.363386	0.030417	1046.065651	0.564733
D:\ShimmerData\P2295\P2295.shm	6.790603	0.455716	0.032455	716.507342	0.351066
D:\ShimmerData\P2295\P2295.shm	9.554377	0.523983	0.043251	793.266317	0.350886
D:\ShimmerData\P2295\P2295.shm	5.024214	0.265586	0.018612	1055.494897	0.765389
D:\ShimmerData\P2295\P2295.shm	5.867149	0.454423	0.026371	1208.882680	0.516472
D:\ShimmerData\P2296\P2296.shm	10.648626	0.739050	0.072664	1256.511726	0.000000
D:\ShimmerData\P2296\P2296.shm	5.627682	0.383501	0.029059	944.563143	0.574024
D:\ShimmerData\P2296\P2296.shm	8.958150	0.507945	0.046730	969.249268	0.456898
D:\ShimmerData\P2296\P2296.shm	7.391952	0.635404	0.036792	1232.117535	0.157737
D:\ShimmerData\P2298\P2298.shm	5.884576	0.546224	0.023324	1317.042161	0.409073
D:\ShimmerData\P2298\P2298.shm	10.975017	0.675480	0.035044	1167.013541	0.356521
D:\ShimmerData\P2298\P2298.shm	7.467231	0.601408	0.024614	1411.111357	0.270788
D:\ShimmerData\P2299\P2299.shm	5.587082	0.412405	0.026043	1248.458523	0.400139
D:\ShimmerData\P2299\P2299.shm	8.741518	0.664445	0.040200	724.742500	0.234255
D:\ShimmerData\P2299\P2299.shm	7.830301	0.524322	0.080652	326.370063	0.000000
D:\ShimmerData\P2299\P2299.shm	18.449715	0.767625	0.111169	536.634348	0.039553
D:\ShimmerData\P2300\P2300.shm	9.666328	0.669079	0.041964	898.478383	0.260089
D:\ShimmerData\P2300\P2300.shm	7.238152	0.493401	0.027251	1060.321821	0.392119
D:\ShimmerData\P2300\P2300.shm	4.639018	0.622951	0.024426	1741.590836	0.426942
D:\ShimmerData\P2300\P2300.shm	7.846917	0.591345	0.031151	1306.659439	0.289401
D:\ShimmerData\P2300\P2300.shm	2.635112	0.280838	0.013374	1488.984398	0.507617
D:\ShimmerData\P2300\P2300.shm	4.140869	0.198928	0.020912	1065.985735	0.752581
D:\ShimmerData\P2301\P2301.shm	6.980935	0.435484	0.031133	1186.960385	0.354364
D:\ShimmerData\P2301\P2301.shm	7.380423	0.441829	0.041962	1028.612919	0.232594
D:\ShimmerData\P2301\P2301.shm	10.165319	0.644502	0.042684	1113.072060	0.051087
D:\ShimmerData\P2302\P2302.shm	13.258931	0.769156	0.051316	1048.051526	0.041634
D:\ShimmerData\P2302\P2302.shm	7.634188	0.532823	0.034461	1008.820048	0.277271
D:\ShimmerData\P2302\P2302.shm	6.893851	0.476760	0.035222	1002.716441	0.306063
D:\ShimmerData\P2302\P2302.shm	7.008572	0.560306	0.039128	1016.495701	0.274639
D:\ShimmerData\P2302\P2302.shm	6.637858	0.448944	0.033333	1011.683612	0.468679
D:\ShimmerData\P2303\P2303.shm	8.034520	0.609452	0.031534	1349.330385	0.367270
D:\ShimmerData\P2303\P2303.shm	7.286651	0.602582	0.032918	1186.439268	0.256356
D:\ShimmerData\P2303\P2303.shm	6.121209	0.520950	0.027352	1103.606577	0.391480
D:\ShimmerData\P2304\P2304.shm	4.334463	0.377190	0.022861	1280.565763	0.443017
D:\ShimmerData\P2304\P2304.shm	8.799824	0.676849	0.048120	1134.469574	0.132326
D:\ShimmerData\P2304\P2304.shm	7.543772	0.659382	0.041282	1137.520675	0.144116
D:\ShimmerData\P2305\P2305.shm	7.018924	0.679268	0.032051	1039.586935	0.204498
D:\ShimmerData\P2305\P2305.shm	9.749012	0.727511	0.040037	1115.186938	0.192535
D:\ShimmerData\P2305\P2305.shm	6.253325	0.750416	0.032086	1263.977990	0.109614
D:\ShimmerData\P2305\P2305.shm	7.680121	0.736871	0.043119	1132.207325	0.039908
D:\ShimmerData\P2306\P2306.shm	14.833464	0.710983	0.065937	753.129234	0.014993
D:\ShimmerData\P2306\P2306.shm	16.524868	0.786709	0.076757	959.254048	0.063868
D:\ShimmerData\P2306\P2306.shm	7.116732	0.451823	0.032691	1025.703712	0.456871
D:\ShimmerData\P2306\P2306.shm	10.149132	0.601414	0.041530	1204.020057	0.168172
D:\ShimmerData\P2307\P2307.shm	9.068792	0.512484	0.039718	962.369200	0.339611
D:\ShimmerData\P2307\P2307.shm	14.958685	0.712560	0.089580	822.459693	0.011643
D:\ShimmerData\P2308\P2308.shm	12.036868	0.805534	0.059346	1034.639295	0.073507
D:\ShimmerData\P2308\P2308.shm	8.443051	0.504089	0.045663	959.311005	0.413441
D:\ShimmerData\P2309\P2309.shm	5.758171	0.580744	0.025703	1192.809734	0.069184
D:\ShimmerData\P2309\P2309.shm	6.686120	0.695635	0.029975	1135.650175	0.160440
D:\ShimmerData\P2309\P2309.shm	7.685520	0.649199	0.034703	1162.681191	0.123107
D:\ShimmerData\P2309\P2309.shm	6.330267	0.522784	0.022295	1559.369653	0.371644
D:\ShimmerData\P2311\P2311.shm	13.056523	0.709564	0.083013	887.775220	0.073693
D:\ShimmerData\P2311\P2311.shm	7.005612	0.453044	0.042152	622.231135	0.390768
D:\ShimmerData\P2311\P2311.shm	9.176281	0.566541	0.056252	917.173431	0.181854
D:\ShimmerData\P2312\P2312.shm	8.592000	0.649510	0.022276	1403.893062	0.412503
D:\ShimmerData\P2312\P2312.shm	6.914418	0.591368	0.030763	1241.590196	0.372502
D:\ShimmerData\P2312\P2312.shm	6.750391	0.485743	0.034344	1096.817832	0.513877
D:\ShimmerData\P2312\P2312.shm	5.843266	0.544023	0.030454	1417.615762	0.580372
D:\ShimmerData\P2312\P2312.shm	8.598112	0.655476	0.037054	1421.903306	0.122589
D:\ShimmerData\P2312\P2312.shm	6.189840	0.438963	0.025115	1622.089079	0.442175
D:\ShimmerData\P2313\P2313.shm	19.075053	0.857521	0.103726	913.107721	0.022404
D:\ShimmerData\P2313\P2313.shm	7.533150	0.426571	0.033119	1085.599591	0.452165
D:\ShimmerData\P2313\P2313.shm	18.673224	0.723530	0.085758	1040.869632	0.049627
D:\ShimmerData\P2313\P2313.shm	9.169908	0.531519	0.043339	1152.069550	0.325427
D:\ShimmerData\P2314\P2314.shm	5.008729	0.496269	0.020983	1135.532161	0.446692
D:\ShimmerData\P2314\P2314.shm	9.382629	0.650602	0.038192	1093.352753	0.367751
D:\ShimmerData\P2314\P2314.shm	9.087640	0.614336	0.035048	869.990591	0.245331
D:\ShimmerData\P2314\P2314.shm	8.081299	0.646702	0.033315	1121.101814	0.233371
D:\ShimmerData\P2314\P2314.shm	7.631386	0.488154	0.033744	969.288375	0.426912
D:\ShimmerData\P2315\P2315.shm	9.104560	0.516956	0.031106	894.310820	0.557016
D:\ShimmerData\P2315\P2315.shm	7.937095	0.658299	0.037395	1322.249793	0.181574
D:\ShimmerData\P2316\P2316.shm	7.886933	0.479980	0.051607	1067.461252	0.170107
D:\ShimmerData\P2316\P2316.shm	6.208362	0.607022	0.039573	1122.283853	0.130597
D:\ShimmerData\P2316\P2316.shm	6.949398	0.565868	0.049077	902.092541	0.182095
D:\ShimmerData\P2316\P2316.shm	6.929744	0.488798	0.044284	978.545838	0.163859
D:\ShimmerData\P2317\P2317.shm	6.538172	0.536434	0.036316	1180.083723	0.272546
D:\ShimmerData\P2317\P2317.shm	2.459358	0.304093	0.012837	1351.291564	0.714902
D:\ShimmerData\P2317\P2317.shm	9.097247	0.680842	0.029972	1429.217302	0.165218
D:\ShimmerData\P2317\P2317.shm	3.579294	0.318772	0.015660	1672.053370	0.584623
D:\ShimmerData\P2318\P2318.shm	9.992254	0.751555	0.046093	1267.402112	0.057270
D:\ShimmerData\P2318\P2318.shm	14.608387	0.696598	0.033354	1155.633553	0.172058
D:\ShimmerData\P2318\P2318.shm	3.648996	0.267084	0.018608	884.315925	0.564513
D:\ShimmerData\P2318\P2318.shm	5.120554	0.355968	0.022715	1223.113737	0.409300
D:\ShimmerData\P2319\P2319.shm	10.820247	0.808593	0.044388	1151.459967	0.061090
D:\ShimmerData\P2319\P2319.shm	7.533083	0.656581	0.029925	1288.757039	0.169488
D:\ShimmerData\P2319\P2319.shm	4.076779	0.414376	0.037924	1219.296425	0.241015
D:\ShimmerData\P2320\P2320.shm	1.669166	0.052253	0.010643	1200.669301	0.947747
D:\ShimmerData\P2320\P2320.shm	7.877157	0.603042	0.042558	1072.998529	0.162155
D:\ShimmerData\P2320\P2320.shm	6.473823	0.467368	0.032526	1057.166222	0.265617
D:\ShimmerData\P2321\P2321.shm	7.357531	0.738171	0.035450	1244.561159	0.230892
D:\ShimmerData\P2321\P2321.shm	10.287997	0.612340	0.067788	934.270880	0.311700
D:\ShimmerData\P2321\P2321.shm	4.394460	0.354884	0.031023	937.654304	0.466631
D:\ShimmerData\P2323\P2323.shm	4.590931	0.284028	0.027020	1018.585881	0.574809
D:\ShimmerData\P2323\P2323.shm	0.969935	0.033928	0.004693	496.196883	0.962081
D:\ShimmerData\P2323\P2323.shm	10.210323	0.551183	0.056708	889.121416	0.293822
D:\ShimmerData\P2325\P2325.shm	8.253415	0.530514	0.046558	1128.488466	0.353676
D:\ShimmerData\P2325\P2325.shm	3.173834	0.376982	0.014042	1383.689803	0.565972
D:\ShimmerData\P2325\P2325.shm	11.970887	0.666721	0.082541	929.052509	0.126188
D:\ShimmerData\P2326\P2326.shm	5.781512	0.528873	0.031416	1292.810021	0.244332
D:\ShimmerData\P2326\P2326.shm	6.796856	0.654275	0.030095	1510.178835	0.219970
D:\ShimmerData\P2329\P2329.shm	7.558499	0.427859	0.045088	853.079929	0.361195
D:\ShimmerData\P2329\P2329.shm	11.976586	0.712668	0.077000	688.179867	0.116226
D:\ShimmerData\P2331\P2331.shm	5.354522	0.381393	0.029358	777.927249	0.300296
D:\ShimmerData\P2331\P2331.shm	2.803351	0.235371	0.015582	1352.676629	0.570734
D:\ShimmerData\P2332\P2332.shm	24.729555	0.886066	0.210722	453.641267	0.023348
D:\ShimmerData\P2332\P2332.shm	6.453907	0.455980	0.034091	1285.774946	0.361296
D:\ShimmerData\P2332\P2332.shm	9.888381	0.561802	0.061148	959.390818	0.260622
D:\ShimmerData\P2334\P2334.shm	11.424998	0.683310	0.048463	1171.428415	0.190165
D:\ShimmerData\P2334\P2334.shm	7.525231	0.360599	0.024091	1435.837497	0.492342
D:\ShimmerData\P2334\P2334.shm	11.172716	0.564019	0.045366	1121.521713	0.244733
D:\ShimmerData\P2335\P2335.shm	7.059024	0.444618	0.036577	998.815785	0.416285
D:\ShimmerData\P2335\P2335.shm	9.421987	0.592440	0.048733	957.644026	0.224492
D:\ShimmerData\P2335\P2335.shm	6.169917	0.454719	0.034748	1215.517889	0.215035
D:\ShimmerData\P2336\P2336.shm	7.338327	0.709915	0.033375	1105.147887	0.291177
D:\ShimmerData\P2336\P2336.shm	5.728739	0.550478	0.028365	1207.486963	0.268092
D:\ShimmerData\P2336\P2336.shm	4.812402	0.491747	0.023362	1343.581038	0.367599
D:\ShimmerData\P2337\P2337.shm	2.364510	0.250913	0.016486	1256.285933	0.455848
D:\ShimmerData\P2337\P2337.shm	14.076593	0.756340	0.094613	667.843616	0.046374
D:\ShimmerData\P2338\P2338.shm	10.256532	0.662690	0.029855	1209.364277	0.294118
D:\ShimmerData\P2338\P2338.shm	11.923724	0.684929	0.039920	1201.014984	0.185085
D:\ShimmerData\P2338\P2338.shm	6.526285	0.651137	0.032023	1250.286063	0.139768
D:\ShimmerData\P2340\P2340.shm	6.351514	0.795219	0.025456	1407.265377	0.218800
D:\ShimmerData\P2340\P2340.shm	5.606829	0.437709	0.019998	1438.329540	0.469744
D:\ShimmerData\P2341\P2341.shm	5.007060	0.548402	0.023657	1441.645747	0.314984
D:\ShimmerData\P2341\P2341.shm	6.641742	0.574852	0.028337	1367.504003	0.266872
D:\ShimmerData\P2341\P2341.shm	6.573399	0.570376	0.030317	1386.703496	0.242957
D:\ShimmerData\P2342\P2342.shm	10.903030	0.600504	0.064822	768.837369	0.133318
D:\ShimmerData\P2342\P2342.shm	9.837220	0.445116	0.053072	827.691733	0.296989
D:\ShimmerData\P2342\P2342.shm	10.515838	0.521918	0.066222	598.154813	0.518948
D:\ShimmerData\P2343\P2343.shm	7.486657	0.642196	0.058895	880.277767	0.053671
D:\ShimmerData\P2343\P2343.shm	6.161407	0.415977	0.030620	992.716801	0.492675
D:\ShimmerData\P2343\P2343.shm	8.429429	0.497886	0.063479	528.191120	0.003100
D:\ShimmerData\P2343\P2343.shm	7.995793	0.551684	0.035599	1048.590836	0.352832
D:\ShimmerData\P2344\P2344.shm	15.844463	0.788983	0.097297	619.361870	0.013772
D:\ShimmerData\P2344\P2344.shm	6.195141	0.400243	0.027290	1264.786417	0.392651
D:\ShimmerData\P2344\P2344.shm	4.596950	0.374477	0.025576	1061.514974	0.398258
D:\ShimmerData\P2344\P2344.shm	8.098288	0.432214	0.044782	826.422043	0.366636
D:\ShimmerData\P2345\P2345.shm	6.022631	0.445672	0.026906	1277.027079	0.419471
D:\ShimmerData\P2345\P2345.shm	8.056602	0.628256	0.056922	856.429319	0.196292
D:\ShimmerData\P2345\P2345.shm	8.508218	0.578488	0.051992	1119.246825	0.161066
D:\ShimmerData\P2345\P2345.shm	7.750728	0.531830	0.024994	1077.387172	0.284374
D:\ShimmerData\P2346\P2346.shm	8.886235	0.588769	0.054744	782.417310	0.096710
D:\ShimmerData\P2346\P2346.shm	2.296513	0.171537	0.016515	1201.731856	0.237092
D:\ShimmerData\P2346\P2346.shm	10.327538	0.544039	0.051102	711.449510	0.039588
D:\ShimmerData\P2347\P2347.shm	4.532666	0.433623	0.027078	801.072708	0.397129
D:\ShimmerData\P2347\P2347.shm	4.407839	0.499445	0.024477	1247.916551	0.291713
D:\ShimmerData\P2347\P2347.shm	7.566047	0.556472	0.029576	1129.755496	0.416260
D:\ShimmerData\P2348\P2348.shm	7.489226	0.590909	0.029258	1129.886018	0.528685
D:\ShimmerData\P2348\P2348.shm	6.322592	0.563531	0.039986	1076.338553	0.365136
D:\ShimmerData\P2348\P2348.shm	7.669432	0.530557	0.046673	897.156197	0.278586
D:\ShimmerData\P2348\P2348.shm	5.515505	0.515382	0.040614	1100.785224	0.118876
D:\ShimmerData\P2348\P2348.shm	5.271204	0.465005	0.035691	1056.951870	0.303931
D:\ShimmerData\P2350\P2350.shm	5.512222	0.527965	0.037254	1017.392083	0.246031
D:\ShimmerData\P2350\P2350.shm	6.323718	0.570897	0.039102	1006.494317	0.260276
D:\ShimmerData\P2350\P2350.shm	5.918452	0.564907	0.031875	1033.795993	0.302469
D:\ShimmerData\P2351\P2351.shm	8.213090	0.654093	0.040591	1048.732267	0.164423
D:\ShimmerData\P2351\P2351.shm	7.931298	0.626311	0.039860	1091.722875	0.200138
D:\ShimmerData\P2351\P2351.shm	8.924780	0.639542	0.047562	1042.699248	0.133109
D:\ShimmerData\P2352\P2352.shm	15.832123	0.702875	0.087292	914.825522	0.276011
D:\ShimmerData\P2352\P2352.shm	11.939999	0.736133	0.064907	837.297288	0.074188
D:\ShimmerData\P2352\P2352.shm	10.344385	0.558056	0.062771	643.523377	0.134516
D:\ShimmerData\P2353\P2353.shm	3.832524	0.418621	0.015289	1409.228884	0.519168
D:\ShimmerData\P2354\P2354.shm	8.782523	0.604233	0.053977	806.400435	0.117346
D:\ShimmerData\P2356\P2356.shm	7.805919	0.477384	0.039249	888.914246	0.181045
D:\ShimmerData\P2356\P2356.shm	10.746489	0.676132	0.058712	960.167169	0.034123
D:\ShimmerData\P2356\P2356.shm	10.612191	0.563394	0.055443	924.415368	0.272523
D:\ShimmerData\P2357\P2357.shm	7.693025	0.473373	0.042052	926.532449	0.426317
D:\ShimmerData\P2358\P2358.shm	5.600612	0.380593	0.022566	1133.697223	0.479897
D:\ShimmerData\P2358\P2358.shm	7.965035	0.619533	0.037442	1220.336833	0.261084
D:\ShimmerData\P2358\P2358.shm	14.258934	0.681548	0.079979	864.968891	0.062462
D:\ShimmerData\P2359\P2359.shm	8.758960	0.602038	0.039962	1200.005211	0.192581
D:\ShimmerData\P2359\P2359.shm	11.426747	0.695364	0.065613	987.734556	0.105454
D:\ShimmerData\P2359\P2359.shm	7.372445	0.481550	0.029760	1375.683319	0.319554
D:\ShimmerData\P2360\P2360.shm	10.581570	0.692030	0.074559	781.839708	0.088916
D:\ShimmerData\P2361\P2361.shm	9.310884	0.562883	0.044603	1192.996782	0.066886
D:\ShimmerData\P2361\P2361.shm	7.387778	0.381691	0.030174	1019.391418	0.320558
D:\ShimmerData\P2361\P2361.shm	9.035815	0.671657	0.032591	1385.384890	0.204531
D:\ShimmerData\P2361\P2361.shm	35.749794	0.807209	0.186158	516.154450	0.018023
D:\ShimmerData\P2362\P2362.shm	4.925683	0.420787	0.041339	797.306994	0.303585
D:\ShimmerData\P2362\P2362.shm	7.982815	0.601354	0.053817	872.729304	0.122380
D:\ShimmerData\P2363\P2363.shm	6.976760	0.451702	0.045258	787.971533	0.390808
D:\ShimmerData\P2364\P2364.shm	9.189091	0.761216	0.039062	1381.845090	0.229995
D:\ShimmerData\P2364\P2364.shm	5.720980	0.523574	0.029473	1126.155181	0.330408
D:\ShimmerData\P2364\P2364.shm	2.440372	0.260414	0.013513	1583.411999	0.458210
D:\ShimmerData\P2364\P2364.shm	6.691104	0.603570	0.042616	1104.760027	0.131225
D:\ShimmerData\P2364\P2364.shm	5.386485	0.429767	0.023290	1369.467431	0.334196
D:\ShimmerData\P2364\P2364.shm	4.765819	0.249709	0.019493	1050.635345	0.523502
D:\ShimmerData\P2365\P2365.shm	12.311572	0.837346	0.051322	1221.427675	0.074868
D:\ShimmerData\P2365\P2365.shm	7.142089	0.573580	0.031228	1178.124482	0.226297
D:\ShimmerData\P2365\P2365.shm	3.560875	0.331325	0.016580	1314.274260	0.393138
D:\ShimmerData\P2365\P2365.shm	7.395922	0.632945	0.041395	1002.386124	0.152580
D:\ShimmerData\P2365\P2365.shm	8.052335	0.609792	0.038039	1066.386992	0.195694
D:\ShimmerData\P2365\P2365.shm	6.829686	0.461785	0.042914	875.384168	0.379230
D:\ShimmerData\P2366\P2366.shm	13.580132	0.709756	0.045671	1173.021360	0.235306
D:\ShimmerData\P2366\P2366.shm	13.959518	0.734277	0.091054	645.835996	0.068262
D:\ShimmerData\P2366\P2366.shm	12.281803	0.575485	0.061335	805.526261	0.258265
D:\ShimmerData\P2367\P2367.shm	12.443965	0.736643	0.039272	1211.073725	0.144027
D:\ShimmerData\P2368\P2368.shm	10.653943	0.541638	0.069229	694.270358	0.371406
D:\ShimmerData\P2368\P2368.shm	6.113522	0.417853	0.032979	901.468771	0.358369
D:\ShimmerData\P2368\P2368.shm	7.373840	0.550007	0.040642	887.447908	0.260320
D:\ShimmerData\P2369\P2369.shm	11.376426	0.696678	0.053671	795.018714	0.279327
D:\ShimmerData\P2369\P2369.shm	9.050277	0.423384	0.041785	913.705316	0.473264
D:\ShimmerData\P2369\P2369.shm	5.230061	0.298708	0.027879	1011.228071	0.642878
D:\ShimmerData\P2369\P2369.shm	9.057872	0.552343	0.072949	458.183178	0.627206
D:\ShimmerData\P2370\P2370.shm	7.872686	0.572752	0.040833	916.178967	0.179710
D:\ShimmerData\P2370\P2370.shm	8.653096	0.694727	0.047133	1120.048436	0.118597
D:\ShimmerData\P2370\P2370.shm	14.238303	0.650665	0.054817	1033.730459	0.115255
D:\ShimmerData\P2373\P2373.shm	5.707834	0.277053	0.026017	996.340191	0.627292
D:\ShimmerData\P2373\P2373.shm	5.829402	0.272972	0.034142	914.138456	0.626976
D:\ShimmerData\P2373\P2373.shm	11.735191	0.516540	0.082107	910.048444	0.305645
D:\ShimmerData\P2374\P2374.shm	8.140510	0.480119	0.030673	1071.196289	0.496783
D:\ShimmerData\P2374\P2374.shm	11.407046	0.583982	0.059249	796.317673	0.204725
D:\ShimmerData\P2374\P2374.shm	7.914306	0.514098	0.031032	1168.836155	0.267041
D:\ShimmerData\P2375\P2375.shm	3.458650	0.283216	0.024853	874.048774	0.629127
D:\ShimmerData\P2375\P2375.shm	9.843331	0.545817	0.059175	772.939377	0.267087
D:\ShimmerData\P2375\P2375.shm	10.335692	0.572710	0.051091	982.657456	0.260147
D:\ShimmerData\P2377\P2377.shm	4.103359	0.315195	0.018788	841.963068	0.640221
D:\ShimmerData\P2377\P2377.shm	4.230534	0.303074	0.020366	960.416939	0.676536
D:\ShimmerData\P2377\P2377.shm	7.370055	0.570461	0.036418	1078.280938	0.221227
D:\ShimmerData\P2378\P2378.shm	8.920487	0.639344	0.043862	1027.765844	0.300501
D:\ShimmerData\P2378\P2378.shm	7.732819	0.534905	0.033429	1283.178389	0.324577
D:\ShimmerData\P2378\P2378.shm	11.729849	0.621353	0.062368	994.344933	0.222214
D:\ShimmerData\P2379\P2379.shm	3.622034	0.258136	0.014351	1268.325612	0.667450
D:\ShimmerData\P2379\P2379.shm	6.143556	0.533831	0.029125	1280.308210	0.272294
D:\ShimmerData\P2380\P2380.shm	5.936415	0.349102	0.037002	881.722521	0.393451
D:\ShimmerData\P2380\P2380.shm	8.317198	0.462130	0.038493	1005.708090	0.297475
D:\ShimmerData\P2380\P2380.shm	12.901383	0.690589	0.099935	662.692994	0.165496
D:\ShimmerData\P2380\P2380.shm	7.544159	0.505053	0.055674	726.667327	0.276471
D:\ShimmerData\P2381\P2381.shm	7.388560	0.517868	0.046596	1361.647937	0.039976
D:\ShimmerData\P2381\P2381.shm	4.104884	0.347470	0.025120	1043.212625	0.629809
D:\ShimmerData\P2381\P2381.shm	6.319639	0.389276	0.025865	997.284573	0.522145
D:\ShimmerData\P2381\P2381.shm	9.086673	0.603380	0.031877	1266.602253	0.113320
D:\ShimmerData\P2381\P2381.shm	7.706772	0.534936	0.040442	971.014204	0.321039
D:\ShimmerData\P2381\P2381.shm	10.677342	0.651015	0.063895	1287.281058	0.017132
D:\ShimmerData\P2382\P2382.shm	9.360678	0.647852	0.047908	1101.118709	0.305721
D:\ShimmerData\P2382\P2382.shm	13.866841	0.756112	0.054385	967.534634	0.292208
D:\ShimmerData\P2382\P2382.shm	7.358799	0.593494	0.035793	1241.275508	0.322965
D:\ShimmerData\P2382\P2382.shm	9.144819	0.584186	0.036524	1056.844821	0.391833
D:\ShimmerData\P2383\P2383.shm	5.905858	0.656413	0.031944	1046.467343	0.199493
D:\ShimmerData\P2383\P2383.shm	8.279863	0.552570	0.033010	1023.076140	0.301304
D:\ShimmerData\P2383\P2383.shm	3.962434	0.452420	0.018289	1136.797145	0.464563
D:\ShimmerData\P2383\P2383.shm	7.774606	0.573147	0.035460	1060.997457	0.305778
D:\ShimmerData\P2384\P2384.shm	8.111703	0.549990	0.043202	853.448986	0.275947
D:\ShimmerData\P2384\P2384.shm	8.688618	0.610483	0.047385	1124.307018	0.240297
D:\ShimmerData\P2386\P2386.shm	5.716509	0.382698	0.035491	895.928900	0.329671
D:\ShimmerData\P2386\P2386.shm	7.022160	0.622699	0.035046	1470.453522	0.206049
D:\ShimmerData\P2387\P2387.shm	7.353607	0.452075	0.037981	894.789376	0.428189
D:\ShimmerData\P2387\P2387.shm	10.847457	0.531762	0.052508	1053.230606	0.325309
D:\ShimmerData\P2387\P2387.shm	15.312572	0.715582	0.105951	746.917183	0.102786
D:\ShimmerData\P2387\P2387.shm	12.105575	0.637325	0.069607	842.004716	0.149064
D:\ShimmerData\P2388\P2388.shm	13.646747	0.752686	0.078280	934.366590	0.098271
D:\ShimmerData\P2388\P2388.shm	2.754166	0.258522	0.018635	1138.328444	0.731239
D:\ShimmerData\P2388\P2388.shm	12.494715	0.612571	0.071089	891.197493	0.285894
D:\ShimmerData\P2390\P2390.shm	5.370414	0.239679	0.030349	1014.268446	0.618824
D:\ShimmerData\P2391\P2391.shm	6.688023	0.629297	0.034769	1133.434931	0.361147
D:\ShimmerData\P2391\P2391.shm	9.259359	0.581864	0.064147	791.112209	0.300351
D:\ShimmerData\P2391\P2391.shm	6.168028	0.498785	0.031300	1176.636601	0.350288
D:\ShimmerData\P2392\P2392.shm	2.370893	0.259629	0.011350	1467.999871	0.588132
D:\ShimmerData\P2392\P2392.shm	3.800905	0.273326	0.017159	1272.237231	0.600062
D:\ShimmerData\P2392\P2392.shm	10.145992	0.666279	0.049872	1077.659744	0.188351
D:\ShimmerData\P2394\P2394.shm	9.611830	0.728879	0.052411	858.540259	0.005166
D:\ShimmerData\P2394\P2394.shm	7.507566	0.608484	0.040933	991.952204	0.289060
D:\ShimmerData\P2394\P2394.shm	8.001963	0.486058	0.048128	816.541647	0.284567
D:\ShimmerData\P2394\P2394.shm	7.419368	0.627051	0.030357	1397.396777	0.235386
D:\ShimmerData\P2395\P2395.shm	12.989718	0.756394	0.093877	618.496423	0.071434
D:\ShimmerData\P2395\P2395.shm	10.109781	0.523366	0.048989	984.495946	0.305189
D:\ShimmerData\P2395\P2395.shm	3.527131	0.342061	0.018838	1244.814426	0.606297
D:\ShimmerData\P2395\P2395.shm	3.895478	0.264987	0.021947	1169.297583	0.634468
D:\ShimmerData\P2396\P2396.shm	5.465174	0.573495	0.027617	1466.246234	0.194846
D:\ShimmerData\P2396\P2396.shm	7.369204	0.645454	0.039419	1146.301360	0.048060
D:\ShimmerData\P2396\P2396.shm	7.620429	0.563695	0.027937	1377.497286	0.193714
D:\ShimmerData\P2398\P2398.shm	9.157058	0.687710	0.039551	1268.269541	0.201645
D:\ShimmerData\P2398\P2398.shm	11.534261	0.596411	0.082160	675.975854	0.322468
D:\ShimmerData\P2398\P2398.shm	5.262860	0.379442	0.023640	1079.503512	0.448851
D:\ShimmerData\P2399\P2399.shm	8.027959	0.617663	0.041033	836.341781	0.245902
D:\ShimmerData\P2399\P2399.shm	6.409818	0.524487	0.037150	1064.364537	0.188573
D:\ShimmerData\P2399\P2399.shm	5.210586	0.546928	0.022576	1287.621461	0.354937
D:\ShimmerData\P2399\P2399.shm	6.214053	0.499891	0.032423	1050.261054	0.411521
D:\ShimmerData\P2401\P2401.shm	6.764961	0.439249	0.032374	973.158912	0.250248
D:\ShimmerData\P2402\P2402.shm	10.836312	0.515160	0.032234	1028.771848	0.473398
D:\ShimmerData\P2402\P2402.shm	7.879835	0.597924	0.037268	1143.142904	0.431849
D:\ShimmerData\P2402\P2402.shm	14.746227	0.831908	0.081415	1032.196989	0.000000
D:\ShimmerData\P2402\P2402.shm	9.697933	0.623025	0.044355	1009.655564	0.338569
D:\ShimmerData\P2403\P2403.shm	11.143233	0.627068	0.055459	1003.585170	0.249808
D:\ShimmerData\P2403\P2403.shm	15.399680	0.765809	0.079243	908.775253	0.134835
D:\ShimmerData\P2406\P2406.shm	13.358976	0.646382	0.058819	933.540516	0.314883
D:\ShimmerData\P2406\P2406.shm	3.810639	0.394552	0.023585	1230.276005	0.384044
D:\ShimmerData\P2406\P2406.shm	8.197598	0.525429	0.038590	1104.423467	0.371033
D:\ShimmerData\P2407\P2407.shm	28.796488	0.851301	0.129848	669.805647	0.030005
D:\ShimmerData\P2407\P2407.shm	18.758418	0.827976	0.096563	981.299134	0.013447
D:\ShimmerData\P2407\P2407.shm	20.184521	0.879090	0.115363	880.975004	0.018492
D:\ShimmerData\P2407\P2407.shm	7.434825	0.437698	0.037059	1076.119831	0.470718
D:\ShimmerData\P2408\P2408.shm	4.049832	0.442960	0.022070	996.873773	0.409832
D:\ShimmerData\P2408\P2408.shm	9.585235	0.804287	0.065254	623.916902	0.000000
D:\ShimmerData\P2408\P2408.shm	4.684611	0.438854	0.019392	1081.517344	0.548346
D:\ShimmerData\P2408\P2408.shm	9.853676	0.702265	0.048827	904.381329	0.119918
D:\ShimmerData\P2408\P2408.shm	5.741052	0.364716	0.027785	1021.143936	0.559990
D:\ShimmerData\P2409\P2409.shm	3.683594	0.327992	0.036498	402.224568	0.078248
D:\ShimmerData\P2409\P2409.shm	11.995062	0.688313	0.078872	889.001971	0.179800
D:\ShimmerData\P2409\P2409.shm	9.162732	0.652325	0.057711	904.871958	0.159218
D:\ShimmerData\P2409\P2409.shm	7.009630	0.679656	0.033395	1076.071852	0.263370
D:\ShimmerData\P2409\P2409.shm	12.896760	0.765569	0.092435	865.209956	0.060497
D:\ShimmerData\P2410\P2410.shm	6.337707	0.461379	0.037840	834.251800	0.395694
D:\ShimmerData\P2410\P2410.shm	6.747815	0.532471	0.034795	1082.172952	0.505016
D:\ShimmerData\P2413\P2413.shm	10.100139	0.584800	0.087881	462.344288	0.219903
D:\ShimmerData\P2413\P2413.shm	11.317310	0.579943	0.079838	740.307365	0.126261
D:\ShimmerData\P2413\P2413.shm	8.604815	0.461281	0.072168	423.341228	0.217941
D:\ShimmerData\P2415\P2415.shm	5.870146	0.494686	0.033677	1020.112288	0.308680
D:\ShimmerData\P2415\P2415.shm	9.283656	0.644993	0.045238	1152.607981	0.148411
D:\ShimmerData\P2415\P2415.shm	11.517360	0.672116	0.046118	1131.541465	0.208653
D:\ShimmerData\P2415\P2415.shm	6.929979	0.547486	0.022766	1875.715528	0.203911
D:\ShimmerData\P2416\P2416.shm	6.182713	0.495247	0.027165	1275.072653	0.298935
D:\ShimmerData\P2416\P2416.shm	7.618217	0.621767	0.035533	1235.238446	0.149460
D:\ShimmerData\P2416\P2416.shm	8.330380	0.583489	0.034655	1265.366323	0.223602
D:\ShimmerData\P2417\P2417.shm	5.082651	0.350116	0.024702	943.924479	0.620890
D:\ShimmerData\P2417\P2417.shm	13.934672	0.687439	0.091497	703.195653	0.199119
D:\ShimmerData\P2417\P2417.shm	6.342530	0.382998	0.026424	1131.910744	0.545862
D:\ShimmerData\P2418\P2418.shm	8.943028	0.523536	0.048196	728.093785	0.135285
D:\ShimmerData\P2418\P2418.shm	6.102723	0.519010	0.040180	980.238820	0.162706
D:\ShimmerData\P2418\P2418.shm	11.530159	0.785771	0.052642	1055.141686	0.054646
D:\ShimmerData\P2419\P2419.shm	7.505517	0.559252	0.032908	1225.208961	0.318358
D:\ShimmerData\P2419\P2419.shm	9.982948	0.635331	0.039914	1136.065548	0.236952
D:\ShimmerData\P2421\P2421.shm	8.209321	0.675070	0.035841	1280.506333	0.167507
D:\ShimmerData\P2422\P2422.shm	7.202143	0.468310	0.039194	867.584031	0.347791
D:\ShimmerData\P2422\P2422.shm	10.146244	0.720437	0.053690	1182.458308	0.084537
D:\ShimmerData\P2422\P2422.shm	13.147944	0.776593	0.072879	1082.480415	0.107956
D:\ShimmerData\P2423\P2423.shm	7.866867	0.648860	0.031087	1348.224293	0.336629
D:\ShimmerData\P2423\P2423.shm	9.577764	0.688970	0.047805	1438.762892	0.184664
D:\ShimmerData\P2423\P2423.shm	8.743851	0.606638	0.039817	928.861084	0.155855
D:\ShimmerData\P2423\P2423.shm	4.198940	0.453282	0.020588	1259.261999	0.346759
D:\ShimmerData\P2423\P2423.shm	12.550822	0.703157	0.089960	610.571733	0.096854
D:\ShimmerData\P2424\P2424.shm	9.832399	0.555000	0.050465	969.169951	0.203696
D:\ShimmerData\P2424\P2424.shm	4.617547	0.351234	0.022965	1197.670651	0.465876
D:\ShimmerData\P2424\P2424.shm	5.588077	0.474019	0.029144	904.840091	0.264602
D:\ShimmerData\P2425\P2425.shm	8.707749	0.694871	0.028872	1324.343751	0.208019
D:\ShimmerData\P2426\P2426.shm	16.712397	0.746422	0.085395	799.032300	0.066236
D:\ShimmerData\P2427\P2427.shm	5.875411	0.379247	0.031488	950.849685	0.488073
D:\ShimmerData\P2427\P2427.shm	7.478106	0.481782	0.035986	803.672268	0.393116
D:\ShimmerData\P2427\P2427.shm	6.068775	0.414251	0.035109	681.767702	0.445821
D:\ShimmerData\P2428\P2428.shm	3.881593	0.401505	0.028627	1012.376045	0.401625
D:\ShimmerData\P2428\P2428.shm	4.640735	0.436901	0.030404	1232.084167	0.312346
D:\ShimmerData\P2428\P2428.shm	5.528820	0.490675	0.036405	1023.140489	0.194221
D:\ShimmerData\P2428\P2428.shm	5.392289	0.479758	0.029924	1162.876956	0.397627
D:\ShimmerData\P2429\P2429.shm	5.751820	0.531643	0.026678	1354.512926	0.218986
D:\ShimmerData\P2429\P2429.shm	5.910272	0.290151	0.036461	842.457233	0.621465
D:\ShimmerData\P2430\P2430.shm	4.494081	0.483354	0.029608	1118.751692	0.300797
D:\ShimmerData\P2430\P2430.shm	3.385603	0.441777	0.022333	1218.921238	0.356339
D:\ShimmerData\P2432\P2432.shm	6.569042	0.476167	0.034100	1191.285833	0.228316
D:\ShimmerData\P2432\P2432.shm	6.274634	0.496986	0.037184	1201.926676	0.041839
D:\ShimmerData\P2432\P2432.shm	5.410510	0.398406	0.031494	1238.650179	0.225852
D:\ShimmerData\P2434\P2434.shm	4.749352	0.415562	0.024007	1265.781798	0.511744
D:\ShimmerData\P2434\P2434.shm	6.862318	0.445733	0.039423	1054.736380	0.344907
D:\ShimmerData\P2434\P2434.shm	8.335467	0.654791	0.046849	972.601456	0.223808
D:\ShimmerData\P2436\P2436.shm	4.078595	0.398086	0.022202	1207.327687	0.354839
D:\ShimmerData\P2436\P2436.shm	7.437945	0.594588	0.036657	1309.201145	0.204237
D:\ShimmerData\P2436\P2436.shm	2.974307	0.158277	0.016201	952.467120	0.603694
D:\ShimmerData\P2437\P2437.shm	8.584028	0.546678	0.037835	1135.864519	0.259251
D:\ShimmerData\P2437\P2437.shm	10.420169	0.686664	0.056806	1223.421290	0.105814
D:\ShimmerData\P2437\P2437.shm	7.948729	0.507898	0.050226	991.377483	0.180764
D:\ShimmerData\P2438\P2438.shm	13.106077	0.662505	0.079030	719.060657	0.199863
D:\ShimmerData\P2438\P2438.shm	7.971179	0.707851	0.043245	1212.676186	0.217894
D:\ShimmerData\P2440\P2440.shm	4.045304	0.401083	0.024739	1100.502249	0.515917
D:\ShimmerData\P2440\P2440.shm	2.717306	0.303109	0.016704	1244.321711	0.649994
D:\ShimmerData\P2442\P2442.shm	5.064368	0.499663	0.024233	1557.819105	0.397707
D:\ShimmerData\P2442\P2442.shm	6.179924	0.447018	0.038027	1015.936201	0.288935
D:\ShimmerData\P2442\P2442.shm	3.319559	0.328353	0.018863	1558.567918	0.395014
D:\ShimmerData\P2442\P2442.shm	6.078230	0.384615	0.038857	1080.175988	0.222554
D:\ShimmerData\P2443\P2443.shm	6.098524	0.427527	0.030369	1071.509275	0.491722
D:\ShimmerData\P2443\P2443.shm	10.379857	0.556479	0.053393	951.000866	0.290953
D:\ShimmerData\P2443\P2443.shm	7.076133	0.481508	0.039074	937.970452	0.468893
D:\ShimmerData\P2443\P2443.shm	13.098822	0.666923	0.075459	921.151803	0.163812
D:\ShimmerData\P2444\P2444.shm	12.535382	0.665278	0.049367	1093.638234	0.154759
D:\ShimmerData\P2444\P2444.shm	8.367210	0.481450	0.039681	1108.542078	0.193553
D:\ShimmerData\P2444\P2444.shm	8.385396	0.696225	0.040688	1484.364286	0.025615
D:\ShimmerData\P2446\P2446.shm	6.174153	0.462713	0.021349	1468.649437	0.379891
D:\ShimmerData\P2446\P2446.shm	9.885864	0.666229	0.044805	1268.214495	0.213592
D:\ShimmerData\P2446\P2446.shm	6.510442	0.369089	0.023076	1319.757801	0.404788
D:\ShimmerData\P2446\P2446.shm	7.530945	0.524504	0.030860	1133.531613	0.338984
D:\ShimmerData\P2447\P2447.shm	10.531494	0.623148	0.052934	1066.222343	0.266286
D:\ShimmerData\P2447\P2447.shm	8.860361	0.543233	0.034969	1259.881730	0.299286
D:\ShimmerData\P2449\P2449.shm	9.025327	0.688045	0.045233	1134.417084	0.167492
D:\ShimmerData\P2449\P2449.shm	8.242480	0.579354	0.036495	1276.014094	0.250966
D:\ShimmerData\P2451\P2451.shm	4.921845	0.294953	0.040125	984.214138	0.041798
D:\ShimmerData\P2451\P2451.shm	6.519725	0.442317	0.039246	874.279073	0.476539
D:\ShimmerData\P2451\P2451.shm	8.221697	0.483297	0.044881	987.134015	0.411800
D:\ShimmerData\P2452\P2452.shm	11.562040	0.691448	0.050395	1084.496463	0.189641
D:\ShimmerData\P2453\P2453.shm	5.151368	0.439083	0.020004	1627.539565	0.451346
D:\ShimmerData\P2453\P2453.shm	7.202804	0.553206	0.026791	1472.612070	0.151519
D:\ShimmerData\P2453\P2453.shm	9.485523	0.728092	0.047549	1238.216815	0.038497
D:\ShimmerData\P2454\P2454.shm	8.278536	0.587874	0.030585	1398.444420	0.203959
D:\ShimmerData\P2454\P2454.shm	5.241881	0.429868	0.024072	1104.209839	0.408169
D:\ShimmerData\P2454\P2454.shm	9.885957	0.644486	0.038023	1309.696958	0.213430
D:\ShimmerData\P2454\P2454.shm	8.946031	0.521246	0.032364	1328.140182	0.319396
D:\ShimmerData\P2454\P2454.shm	2.171716	0.090492	0.013680	962.989445	0.898502
D:\ShimmerData\P2455\P2455.shm	7.917341	0.546430	0.032752	1508.110530	0.320270
D:\ShimmerData\P2455\P2455.shm	9.336958	0.712904	0.039116	1411.287966	0.105105
D:\ShimmerData\P2455\P2455.shm	7.916401	0.529928	0.038207	1346.991234	0.234410
D:\ShimmerData\P2456\P2456.shm	7.402104	0.430110	0.027139	817.063550	0.286593
D:\ShimmerData\P2456\P2456.shm	10.036411	0.483823	0.064649	913.656143	0.430198
D:\ShimmerData\P2456\P2456.shm	9.004574	0.520581	0.066503	812.181007	0.173907
D:\ShimmerData\P2457\P2457.shm	5.610219	0.327317	0.022471	1112.312851	0.603737
D:\ShimmerData\P2457\P2457.shm	11.293059	0.659522	0.055762	807.635643	0.113870
D:\ShimmerData\P2457\P2457.shm	7.145644	0.472836	0.045887	591.110989	0.012332
D:\ShimmerData\P2457\P2457.shm	10.055782	0.508697	0.042688	985.260762	0.454389
D:\ShimmerData\P2457\P2457.shm	10.410267	0.540512	0.043053	1074.590340	0.374514
D:\ShimmerData\P2457\P2457.shm	7.096352	0.471207	0.031362	1250.500257	0.448392
D:\ShimmerData\P2457\P2457.shm	7.929137	0.535458	0.029548	1273.534693	0.304105
D:\ShimmerData\P2458\P2458.shm	6.690076	0.546197	0.026026	1378.566911	0.207006
D:\ShimmerData\P2458\P2458.shm	8.284241	0.718122	0.038114	1261.176560	0.100391
D:\ShimmerData\P2458\P2458.shm	4.699303	0.473701	0.037198	1164.164796	0.180919
D:\ShimmerData\P2459\P2459.shm	5.423310	0.441432	0.027964	1205.193405	0.227843
D:\ShimmerData\P2459\P2459.shm	5.548506	0.447435	0.023107	1172.929540	0.292538
D:\ShimmerData\P2459\P2459.shm	7.140544	0.569686	0.035031	1093.974145	0.161730
D:\ShimmerData\P2460\P2460.shm	9.730834	0.647901	0.056895	995.246376	0.106325
D:\ShimmerData\P2460\P2460.shm	5.675708	0.300150	0.034339	878.730572	0.666916
D:\ShimmerData\P2460\P2460.shm	12.815715	0.669325	0.068527	969.581685	0.160058
D:\ShimmerData\P2461\P2461.shm	8.799670	0.677957	0.046503	1125.894476	0.105292
D:\ShimmerData\P2461\P2461.shm	12.279481	0.709433	0.056273	1034.584609	0.092121
D:\ShimmerData\P2461\P2461.shm	10.375590	0.691172	0.051961	1070.708216	0.073617
D:\ShimmerData\P2462\P2462.shm	6.160665	0.654835	0.035793	1402.730012	0.394422
D:\ShimmerData\P2462\P2462.shm	10.716213	0.808113	0.050746	1320.414541	0.103670
D:\ShimmerData\P2462\P2462.shm	10.478977	0.712920	0.054436	1227.393107	0.111718
D:\ShimmerData\P2463\P2463.shm	11.959709	0.670530	0.039089	1121.363172	0.181705
D:\ShimmerData\P2463\P2463.shm	5.173528	0.582190	0.036292	1081.476487	0.256791
D:\ShimmerData\P2463\P2463.shm	10.466489	0.843217	0.048339	1471.309093	0.000000
D:\ShimmerData\P2463\P2463.shm	11.497685	0.750526	0.053197	1058.729206	0.017473
D:\ShimmerData\P2464\P2464.shm	10.945539	0.805657	0.037576	1557.086760	0.022403
D:\ShimmerData\P2464\P2464.shm	9.631146	0.704047	0.039177	1566.612246	0.051838
D:\ShimmerData\P2464\P2464.shm	6.641507	0.502918	0.022191	1611.529805	0.208247
D:\ShimmerData\P2464\P2464.shm	6.317044	0.489200	0.027114	1217.656263	0.281615
D:\ShimmerData\P2465\P2465.shm	7.805279	0.563195	0.042830	1092.925631	0.267313
D:\ShimmerData\P2465\P2465.shm	3.581452	0.328186	0.017221	1435.381886	0.513140
D:\ShimmerData\P2465\P2465.shm	9.393118	0.602877	0.040287	1216.116341	0.048323
D:\ShimmerData\P2465\P2465.shm	4.277048	0.335640	0.023526	1316.700456	0.407897
D:\ShimmerData\P2465\P2465.shm	7.477382	0.666149	0.038392	1336.548101	0.143966
D:\ShimmerData\P2465\P2465.shm	3.881708	0.432793	0.014350	1735.923546	0.320151
D:\ShimmerData\P2466\P2466.shm	5.365770	0.360811	0.027397	1122.628719	0.346697
D:\ShimmerData\P2466\P2466.shm	4.851179	0.411967	0.024412	1181.711779	0.506411
D:\ShimmerData\P2466\P2466.shm	5.515067	0.364794	0.025873	945.013654	0.597869
D:\ShimmerData\P2467\P2467.shm	10.085464	0.686561	0.044834	1046.470444	0.192865
D:\ShimmerData\P2467\P2467.shm	7.306893	0.494269	0.036481	953.141726	0.398748
D:\ShimmerData\P2467\P2467.shm	7.648122	0.529322	0.038162	1171.241657	0.345239
D:\ShimmerData\P2468\P2468.shm	9.316333	0.618524	0.044928	1093.010092	0.215063
D:\ShimmerData\P2468\P2468.shm	12.631097	0.814412	0.054867	997.651446	0.020394
D:\ShimmerData\P2469\P2469.shm	11.013856	0.624608	0.074343	740.959982	0.138289
D:\ShimmerData\P2469\P2469.shm	10.950771	0.554232	0.064817	902.667997	0.381400
D:\ShimmerData\P2469\P2469.shm	1.542132	0.071376	0.007788	1134.100429	0.906718
D:\ShimmerData\P2470\P2470.shm	5.888417	0.550743	0.033135	1261.994224	0.409830
D:\ShimmerData\P2470\P2470.shm	4.169104	0.272795	0.066376	236.042791	0.021480
D:\ShimmerData\P2471\P2471.shm	7.996208	0.514629	0.026754	1805.669757	0.120611
D:\ShimmerData\P2471\P2471.shm	9.459068	0.879055	0.028919	1206.904521	0.583921
D:\ShimmerData\P2471\P2471.shm	8.219168	0.576037	0.030097	1604.943252	0.148782
D:\ShimmerData\P2475\P2475.shm	10.159634	0.722906	0.040716	1293.800053	0.074507
D:\ShimmerData\P2475\P2475.shm	9.918342	0.664598	0.030913	1404.924275	0.165573
D:\ShimmerData\P2475\P2475.shm	6.237663	0.606778	0.029547	1352.655883	0.191543
D:\ShimmerData\P2475\P2475.shm	5.737403	0.610463	0.024984	1468.576071	0.400796
D:\ShimmerData\P2475\P2475.shm	16.397462	0.771423	0.046497	1276.256883	0.198148
D:\ShimmerData\P2476\P2476.shm	12.587403	0.749412	0.044875	1325.000945	0.030563
D:\ShimmerData\P2476\P2476.shm	7.515703	0.579145	0.027664	1287.877627	0.186601
D:\ShimmerData\P2476\P2476.shm	11.713982	0.445978	0.050824	1114.055975	0.008567
D:\ShimmerData\P2477\P2477.shm	3.592586	0.294810	0.014735	1073.835810	0.697397
D:\ShimmerData\P2477\P2477.shm	2.137627	0.194756	0.009106	1385.448659	0.773724
D:\ShimmerData\P2477\P2477.shm	6.248373	0.608849	0.030599	1172.711817	0.201114
D:\ShimmerData\P2478\P2478.shm	4.419986	0.416396	0.015898	1513.541218	0.530117
D:\ShimmerData\P2478\P2478.shm	5.047101	0.314638	0.021628	1628.749705	0.264588
D:\ShimmerData\P2478\P2478.shm	5.745738	0.533111	0.032424	934.969103	0.404879
D:\ShimmerData\P2479\P2479.shm	10.367405	0.565651	0.051220	955.770951	0.199080
D:\ShimmerData\P2479\P2479.shm	12.505694	0.627958	0.080375	745.236390	0.158606
D:\ShimmerData\P2479\P2479.shm	6.101191	0.257787	0.030927	1063.653164	0.566394
D:\ShimmerData\P2481\P2481.shm	8.868681	0.503799	0.034930	954.469236	0.483818
D:\ShimmerData\P2482\P2482.shm	12.985867	0.716341	0.052459	1005.966301	0.194152
D:\ShimmerData\P2482\P2482.shm	14.906063	0.742092	0.049817	1061.601076	0.096514
D:\ShimmerData\P2482\P2482.shm	14.086328	0.733814	0.056162	859.387084	0.087635
D:\ShimmerData\P2483\P2483.shm	10.401677	0.597862	0.041408	1173.826337	0.394592
D:\ShimmerData\P2483\P2483.shm	9.717367	0.653040	0.050198	1030.047573	0.197217
D:\ShimmerData\P2483\P2483.shm	10.797904	0.792684	0.059180	1140.068769	0.138852
D:\ShimmerData\P2484\P2484.shm	5.594332	0.478923	0.026283	1260.458919	0.280100
